NUCLEO-G474RE_PDM2PCM... 
PCM_outBuffer 
0 -28625
1 -7169
2 703
3 701
4 687
5 673
6 660
7 647
8 634
9 621
10 609
11 597
12 585
13 573
14 562
15 551
16 540
17 529
18 518
19 508
20 498
21 488
22 478
23 468
24 459
25 450
26 441
27 432
28 423
29 415
30 406
31 398
32 390
33 382
34 375
35 367
36 360
37 353
38 346
39 339
40 332
41 325
42 319
43 312
44 306
45 300
46 294
47 288
48 282
49 276
50 271
51 265
52 260
53 255
54 250
55 245
56 240
57 235
58 230
59 226
60 221
61 217
62 212
63 208
64 204
65 200
66 196
67 192
68 188
69 184
70 180
71 177
72 173
73 170
74 166
75 163
76 159
77 156
78 153
79 150
80 147
81 144
82 141
83 138
84 135
85 133
86 130
87 128
88 125
89 123
90 120
91 118
92 115
93 113
94 110
95 108
96 106
97 104
98 102
99 100
100 98
101 96
102 94
103 92
104 90
105 88
106 86
107 85
108 83
109 82
110 80
111 79
112 77
113 76
114 74
115 73
116 71
117 70
118 68
119 67
120 65
121 64
122 62
123 61
124 60
125 396
126 3432
127 8526
128 14364
129 19587
130 23750
131 26862
132 28946
133 28878
134 28862
135 26643
136 23957
137 19278
138 14496
139 8802
140 2512
141 -3914
142 -10176
143 -15954
144 -21470
145 -26602
146 -29873
147 -32670
148 -32768
149 -32768
150 -32768
151 -29988
152 -26756
153 -22315
154 -16359
155 -10815
156 -4332
157 2371
158 8680
159 14332
160 19644
161 24406
162 27282
163 30088
164 30158
165 30280
166 28605
167 25836
168 21894
169 16753
170 11550
171 5162
172 -1167
173 -7613
174 -13420
175 -19174
176 -24349
177 -28224
178 -31114
179 -32599
180 -32768
181 -32450
182 -29793
183 -26805
184 -22768
185 -16909
186 -11527
187 -5144
188 1466
189 8052
190 13587
191 19131
192 24162
193 27218
194 30368
195 30890
196 30985
197 29901
198 27156
199 23801
200 18539
201 13636
202 7374
203 987
204 -5402
205 -11499
206 -17216
207 -22506
208 -26998
209 -29843
210 -31862
211 -32749
212 -32314
213 -30060
214 -27136
215 -23526
216 -17868
217 -12576
218 -6254
219 139
220 6990
221 12518
222 18268
223 23415
224 26865
225 30135
226 31311
227 31269
228 30800
229 28167
230 25242
231 20107
232 15361
233 9238
234 2961
235 -3521
236 -9766
237 -15481
238 -20905
239 -25833
240 -28816
241 -31311
242 -32321
243 -32290
244 -30533
245 -27655
246 -24276
247 -19195
248 -13616
249 -7665
250 -1625
251 2188
252 2904
253 2846
254 2789
255 2733
256 2679
257 2625
258 2573
259 2521
260 2471
261 2421
262 2373
263 2325
264 2279
265 2233
266 2189
267 2145
268 2102
269 2060
270 2019
271 1978
272 1939
273 1900
274 1862
275 1825
276 1788
277 1752
278 1717
279 1683
280 1649
281 1616
282 1584
283 1552
284 1521
285 1491
286 1461
287 1432
288 1403
289 1375
290 1348
291 1321
292 1294
293 1268
294 1243
295 1218
296 1193
297 1169
298 1146
299 1123
300 1100
301 1078
302 1057
303 1036
304 1015
305 995
306 975
307 955
308 936
309 918
310 899
311 881
312 864
313 846
314 829
315 813
316 796
317 780
318 765
319 749
320 734
321 720
322 705
323 691
324 677
325 664
326 650
327 637
328 624
329 612
330 600
331 588
332 576
333 564
334 553
335 542
336 531
337 520
338 510
339 500
340 490
341 480
342 470
343 461
344 452
345 443
346 434
347 425
348 417
349 408
350 400
351 392
352 384
353 377
354 369
355 362
356 355
357 348
358 341
359 334
360 327
361 321
362 314
363 308
364 302
365 296
366 290
367 284
368 278
369 273
370 267
371 262
372 257
373 252
374 247
375 418
376 1012
377 2364
378 3971
379 5081
380 6000
381 7050
382 7301
383 7480
384 7389
385 6800
386 6301
387 4984
388 3478
389 2571
390 822
391 -915
392 -2218
393 -4191
394 -4956
395 -6252
396 -7446
397 -8148
398 -8362
399 -8371
400 -8115
401 -7237
402 -6571
403 -5632
404 -3770
405 -2879
406 -619
407 650
408 2208
409 3928
410 4908
411 6189
412 6971
413 7547
414 7671
415 7679
416 7210
417 6613
418 5666
419 3979
420 3043
421 1506
422 -336
423 -1679
424 -3458
425 -4775
426 -5561
427 -7088
428 -7826
429 -8155
430 -8237
431 -8050
432 -7311
433 -6581
434 -5830
435 -3923
436 -3137
437 -1000
438 540
439 1937
440 3659
441 4710
442 6210
443 6771
444 7660
445 7744
446 7839
447 7495
448 6839
449 6139
450 4529
451 3258
452 2177
453 126
454 -1198
455 -2895
456 -4507
457 -5101
458 -6707
459 -7583
460 -8013
461 -8159
462 -8024
463 -7470
464 -6631
465 -6042
466 -4265
467 -3331
468 -1473
469 343
470 1590
471 3265
472 4615
473 5952
474 6605
475 7667
476 7742
477 7921
478 7701
479 7016
480 6530
481 4950
482 3571
483 2608
484 696
485 -852
486 -2366
487 -4189
488 -4769
489 -6328
490 -7348
491 -7903
492 -8092
493 -8033
494 -7637
495 -6742
496 -6172
497 -4803
498 -3398
499 -2011
