Starting >> STM32F769I-DISCO_PDM2PCM 
PCM_outBuffer 
0 -28625
1 0
2 -7169
3 0
4 703
5 0
6 701
7 0
8 687
9 0
10 673
11 0
12 660
13 0
14 647
15 0
16 634
17 0
18 621
19 0
20 609
21 0
22 597
23 0
24 585
25 0
26 573
27 0
28 562
29 0
30 551
31 0
32 540
33 0
34 529
35 0
36 518
37 0
38 508
39 0
40 498
41 0
42 488
43 0
44 478
45 0
46 468
47 0
48 459
49 0
50 450
51 0
52 441
53 0
54 432
55 0
56 423
57 0
58 415
59 0
60 406
61 0
62 398
63 0
64 390
65 0
66 382
67 0
68 375
69 0
70 367
71 0
72 360
73 0
74 353
75 0
76 346
77 0
78 339
79 0
80 332
81 0
82 325
83 0
84 319
85 0
86 312
87 0
88 306
89 0
90 300
91 0
92 294
93 0
94 288
95 0
96 282
97 0
98 276
99 0
100 271
101 0
102 265
103 0
104 260
105 0
106 255
107 0
108 250
109 0
110 245
111 0
112 240
113 0
114 235
115 0
116 230
117 0
118 226
119 0
120 221
121 0
122 217
123 0
124 284
125 -6443
126 2854
127 6478
128 11879
129 18479
130 22686
131 26966
132 28646
133 30220
134 30084
135 30899
136 29027
137 26468
138 21642
139 17223
140 10613
141 4829
142 -2182
143 -8390
144 -15859
145 -21320
146 -26390
147 -29239
148 -32175
149 -32650
150 -32768
151 -31294
152 -29656
153 -25337
154 -20788
155 -14647
156 -8636
157 -1175
158 4603
159 11048
160 16621
161 22319
162 25782
163 28897
164 29669
165 30677
166 30558
167 30200
168 27012
169 23442
170 18206
171 12825
172 6055
173 92
174 -6996
175 -13545
176 -20317
177 -24770
178 -28824
179 -31091
180 -32768
181 -32521
182 -31973
183 -29748
184 -26784
185 -21542
186 -16427
187 -9815
188 -3187
189 3678
190 9229
191 15648
192 20856
193 25437
194 28067
195 29994
196 30274
197 31025
198 30288
199 28354
200 24252
201 19971
202 14090
203 8125
204 1445
205 -4820
206 -12087
207 -18396
208 -23945
209 -27559
210 -30767
211 -32202
212 -32768
213 -31841
214 -30560
215 -27379
216 -23068
217 -17444
218 -11719
219 -4516
220 1930
221 8119
222 13902
223 19992
224 24266
225 27826
226 29542
227 30512
228 30722
229 30907
230 28912
231 25640
232 20988
233 15931
234 9532
235 3390
236 -3341
237 -10014
238 -17012
239 -22440
240 -26863
241 -29807
242 -32092
243 -32576
244 -32274
245 -30747
246 -28444
247 -24012
248 -18999
249 -13056
250 -655
251 -1196
252 266
253 3802
254 481
255 6013
256 476
257 7836
258 466
259 8414
260 457
261 7911
262 448
263 6045
264 439
265 4058
266 430
267 549
268 421
269 -2453
270 413
271 -6564
272 404
273 -7475
274 396
275 -7229
276 388
277 -6594
278 380
279 -4127
280 373
281 -500
282 365
283 2107
284 358
285 4434
286 351
287 6631
288 344
289 7940
290 337
291 8218
292 330
293 6984
294 324
295 5422
296 317
297 2478
298 311
299 -781
300 305
301 -4080
302 299
303 -7589
304 293
305 -7533
306 287
307 -7233
308 281
309 -6106
310 276
311 -3004
312 270
313 526
314 265
315 2832
316 259
317 5080
318 254
319 7144
320 249
321 8002
322 244
323 7868
324 239
325 6103
326 234
327 4493
328 230
329 1057
330 225
331 -2031
332 221
333 -5871
334 216
335 -7861
336 212
337 -7600
338 208
339 -7142
340 204
341 -5173
342 200
343 -1750
344 196
345 1330
346 192
347 3560
348 188
349 5849
350 184
351 7485
352 180
353 7977
354 177
355 7247
356 173
357 5466
358 170
359 3179
360 166
361 -268
362 163
363 -3295
364 159
365 -7348
366 156
367 -7823
368 153
369 -7568
370 150
371 -6795
372 147
373 -4102
374 216
375 -6928
376 2787
377 1920
378 11814
379 4735
380 22622
381 6864
382 28583
383 8036
384 30022
385 8179
386 28966
387 6737
388 21583
389 5214
390 10555
391 2049
392 -2239
393 -1163
394 -15914
395 -4609
396 -26444
397 -7696
398 -32228
399 -7510
400 -32768
401 -7159
402 -29707
403 -5790
404 -20838
405 -2542
406 -8685
407 853
408 4555
409 3136
410 16574
411 5357
412 25736
413 7336
414 29624
415 8042
416 30513
417 7751
418 26968
419 5887
420 18163
421 4145
422 6014
423 641
424 -7037
425 -2380
426 -20357
427 -6403
428 -28864
429 -7816
430 -32768
431 -7562
432 -32011
433 -7032
434 -26821
435 -4781
436 -16463
437 -1266
438 -3222
439 1597
440 9195
441 3854
442 20823
443 6136
444 28034
445 7587
446 30242
447 7988
448 30257
449 7002
450 24221
451 5341
452 14060
453 2708
454 1417
455 -635
456 -12115
457 -3783
458 -23972
459 -7620
460 -30794
461 -7777
462 -32768
463 -7508
464 -30586
465 -6576
466 -23094
467 -3660
468 -11744
469 -18
470 1906
471 2321
472 13878
473 4636
474 24242
475 6743
476 29519
477 7766
478 30699
479 7777
480 28890
481 6167
482 20967
483 4625
484 9511
485 1313
486 -3362
487 -1845
488 -17032
489 -5467
490 -26882
491 -8033
492 -32111
493 -7783
494 -32293
495 -7371
496 -28462
497 -5712
498 -19017
499 -2642
Ending   >> STM32F769I-DISCO_PDM2PCM 
