pdmBuffer8_2000_tone500Hz_pdmdata first bit to MSB
0 213
1 85
2 85
3 106
4 173
5 90
6 181
7 171
8 90
9 218
10 218
11 219
12 109
13 109
14 219
15 109
16 187
17 118
18 237
19 221
20 221
21 221
22 221
23 238
24 247
25 189
26 239
27 125
28 239
29 190
30 253
31 251
32 247
33 239
34 239
35 247
36 251
37 255
38 127
39 239
40 255
41 127
42 255
43 127
44 255
45 239
46 255
47 255
48 253
49 255
50 255
51 255
52 255
53 255
54 255
55 255
56 239
57 255
58 255
59 255
60 255
61 255
62 255
63 255
64 255
65 255
66 255
67 255
68 255
69 255
70 255
71 255
72 255
73 255
74 255
75 239
76 255
77 255
78 255
79 191
80 255
81 251
82 255
83 251
84 255
85 223
86 253
87 255
88 191
89 223
90 239
91 239
92 239
93 223
94 191
95 125
96 247
97 190
98 247
99 189
100 239
101 119
102 187
103 189
104 221
105 187
106 187
107 118
108 237
109 183
110 109
111 182
112 219
113 91
114 107
115 107
116 107
117 90
118 181
119 171
120 85
121 170
122 173
123 85
124 85
125 85
126 85
127 82
128 170
129 85
130 42
131 84
132 165
133 41
134 73
135 73
136 73
137 36
138 146
139 73
140 36
141 137
142 18
143 36
144 68
145 136
146 136
147 68
148 66
149 33
150 8
151 66
152 8
153 65
154 4
155 8
156 32
157 64
158 64
159 64
160 64
161 32
162 8
163 0
164 128
165 8
166 0
167 16
168 0
169 4
170 0
171 0
172 8
173 0
174 0
175 0
176 0
177 4
178 0
179 0
180 0
181 0
182 0
183 0
184 0
185 0
186 0
187 0
188 0
189 0
190 0
191 0
192 0
193 0
194 0
195 0
196 0
197 0
198 2
199 0
200 0
201 0
202 0
203 64
204 0
205 1
206 0
207 0
208 128
209 2
210 0
211 16
212 4
213 1
214 0
215 128
216 64
217 64
218 129
219 2
220 8
221 32
222 132
223 16
224 132
225 34
226 16
227 136
228 136
229 136
230 136
231 145
232 18
233 36
234 145
235 36
236 146
237 73
238 41
239 37
240 37
241 41
242 74
243 82
244 165
245 82
246 170
247 85
248 85
249 84
pdmBuffer8_4000_tone500Hz_pdmdata first bit to MSB
0 213
1 85
2 85
3 106
4 173
5 90
6 181
7 171
8 90
9 218
10 218
11 219
12 109
13 109
14 219
15 109
16 187
17 118
18 237
19 221
20 221
21 221
22 221
23 238
24 247
25 189
26 239
27 125
28 239
29 190
30 253
31 251
32 247
33 239
34 239
35 247
36 251
37 255
38 127
39 239
40 255
41 127
42 255
43 127
44 255
45 239
46 255
47 255
48 253
49 255
50 255
51 255
52 255
53 255
54 255
55 255
56 239
57 255
58 255
59 255
60 255
61 255
62 255
63 255
64 255
65 255
66 255
67 255
68 255
69 255
70 255
71 255
72 255
73 255
74 255
75 239
76 255
77 255
78 255
79 191
80 255
81 251
82 255
83 251
84 255
85 223
86 253
87 255
88 191
89 223
90 239
91 239
92 239
93 223
94 191
95 125
96 247
97 190
98 247
99 189
100 239
101 119
102 187
103 189
104 221
105 187
106 187
107 118
108 237
109 183
110 109
111 182
112 219
113 91
114 107
115 107
116 107
117 90
118 181
119 171
120 85
121 170
122 173
123 85
124 85
125 85
126 85
127 82
128 170
129 85
130 42
131 84
132 165
133 41
134 73
135 73
136 73
137 36
138 146
139 73
140 36
141 137
142 18
143 36
144 68
145 136
146 136
147 68
148 66
149 33
150 8
151 66
152 8
153 65
154 4
155 8
156 32
157 64
158 64
159 64
160 64
161 32
162 8
163 0
164 128
165 8
166 0
167 16
168 0
169 4
170 0
171 0
172 8
173 0
174 0
175 0
176 0
177 4
178 0
179 0
180 0
181 0
182 0
183 0
184 0
185 0
186 0
187 0
188 0
189 0
190 0
191 0
192 0
193 0
194 0
195 0
196 0
197 0
198 2
199 0
200 0
201 0
202 0
203 64
204 0
205 1
206 0
207 0
208 128
209 2
210 0
211 16
212 4
213 1
214 0
215 128
216 64
217 64
218 129
219 2
220 8
221 32
222 132
223 16
224 132
225 34
226 16
227 136
228 136
229 136
230 136
231 145
232 18
233 36
234 145
235 36
236 146
237 73
238 41
239 37
240 37
241 41
242 74
243 82
244 165
245 82
246 170
247 85
248 85
249 84
250 213
251 85
252 85
253 106
254 173
255 90
256 181
257 171
258 90
259 218
260 218
261 219
262 109
263 109
264 219
265 109
266 187
267 118
268 237
269 221
270 221
271 221
272 221
273 238
274 247
275 189
276 239
277 125
278 239
279 190
280 253
281 251
282 247
283 239
284 239
285 247
286 251
287 255
288 127
289 239
290 255
291 127
292 255
293 127
294 255
295 239
296 255
297 255
298 253
299 255
300 255
301 255
302 255
303 255
304 255
305 255
306 239
307 255
308 255
309 255
310 255
311 255
312 255
313 255
314 255
315 255
316 255
317 255
318 255
319 255
320 255
321 255
322 255
323 255
324 255
325 239
326 255
327 255
328 255
329 191
330 255
331 251
332 255
333 251
334 255
335 223
336 253
337 255
338 191
339 223
340 239
341 239
342 239
343 223
344 191
345 125
346 247
347 190
348 247
349 189
350 239
351 119
352 187
353 189
354 221
355 187
356 187
357 118
358 237
359 183
360 109
361 182
362 219
363 91
364 107
365 107
366 107
367 90
368 181
369 171
370 85
371 170
372 173
373 85
374 85
375 85
376 85
377 82
378 170
379 85
380 42
381 84
382 165
383 41
384 73
385 73
386 73
387 36
388 146
389 73
390 36
391 137
392 18
393 36
394 68
395 136
396 136
397 68
398 66
399 33
400 8
401 66
402 8
403 65
404 4
405 8
406 32
407 64
408 64
409 64
410 64
411 32
412 8
413 0
414 128
415 8
416 0
417 16
418 0
419 4
420 0
421 0
422 8
423 0
424 0
425 0
426 0
427 4
428 0
429 0
430 0
431 0
432 0
433 0
434 0
435 0
436 0
437 0
438 0
439 0
440 0
441 0
442 0
443 0
444 0
445 0
446 0
447 0
448 2
449 0
450 0
451 0
452 0
453 64
454 0
455 1
456 0
457 0
458 128
459 2
460 0
461 16
462 4
463 1
464 0
465 128
466 64
467 64
468 129
469 2
470 8
471 32
472 132
473 16
474 132
475 34
476 16
477 136
478 136
479 136
480 136
481 145
482 18
483 36
484 145
485 36
486 146
487 73
488 41
489 37
490 37
491 41
492 74
493 82
494 165
495 82
496 170
497 85
498 85
499 84
outBuffer first bit to MSB
outBuffer 0 -28252
outBuffer 1 -3879
outBuffer 2 9198
outBuffer 3 14835
outBuffer 4 20309
outBuffer 5 24722
outBuffer 6 27268
outBuffer 7 29495
outBuffer 8 29481
outBuffer 9 29443
outBuffer 10 27221
outBuffer 11 24533
outBuffer 12 19940
outBuffer 13 14945
outBuffer 14 9398
outBuffer 15 3089
outBuffer 16 -3472
outBuffer 17 -9716
outBuffer 18 -15723
outBuffer 19 -20949
outBuffer 20 -26434
outBuffer 21 -29203
outBuffer 22 -32087
outBuffer 23 -32768
outBuffer 24 -32768
outBuffer 25 -32370
outBuffer 26 -29585
outBuffer 27 -26522
outBuffer 28 -22043
outBuffer 29 -16011
outBuffer 30 -9860
outBuffer 31 -4216
outBuffer 32 2663
outBuffer 33 9009
outBuffer 34 14501
outBuffer 35 20080
outBuffer 36 24961
outBuffer 37 27636
outBuffer 38 30229
outBuffer 39 30518
outBuffer 40 30583
outBuffer 41 28937
outBuffer 42 26118
outBuffer 43 22340
outBuffer 44 16982
outBuffer 45 11813
outBuffer 46 5603
outBuffer 47 -966
outBuffer 48 -7393
outBuffer 49 -13346
outBuffer 50 -18969
outBuffer 51 -24283
outBuffer 52 -27930
outBuffer 53 -30653
outBuffer 54 -32398
outBuffer 55 -32768
outBuffer 56 -32191
outBuffer 57 -29540
outBuffer 58 -26701
outBuffer 59 -22695
outBuffer 60 -16871
outBuffer 61 -10754
outBuffer 62 -5024
outBuffer 63 1551
outBuffer 64 8143
outBuffer 65 13686
outBuffer 66 19346
outBuffer 67 24464
outBuffer 68 27626
outBuffer 69 30246
outBuffer 70 31130
outBuffer 71 31138
outBuffer 72 30103
outBuffer 73 27265
outBuffer 74 24143
outBuffer 75 18637
outBuffer 76 13747
outBuffer 77 7719
outBuffer 78 1073
outBuffer 79 -5330
outBuffer 80 -11434
outBuffer 81 -17289
outBuffer 82 -22367
outBuffer 83 -27013
outBuffer 84 -29447
outBuffer 85 -31721
outBuffer 86 -32665
outBuffer 87 -32166
outBuffer 88 -29910
outBuffer 89 -27090
outBuffer 90 -23538
outBuffer 91 -17984
outBuffer 92 -12028
outBuffer 93 -6012
outBuffer 94 -5168
outBuffer 95 -556
outBuffer 96 2921
outBuffer 97 3410
outBuffer 98 231
outBuffer 99 -196
outBuffer 100 -2210
outBuffer 101 -6806
outBuffer 102 4740
outBuffer 103 15
outBuffer 104 3520
outBuffer 105 2608
outBuffer 106 1075
outBuffer 107 7440
outBuffer 108 -5382
outBuffer 109 -2233
outBuffer 110 6456
outBuffer 111 4843
outBuffer 112 4780
outBuffer 113 3372
outBuffer 114 1924
outBuffer 115 4112
outBuffer 116 -272
outBuffer 117 -2613
outBuffer 118 -920
outBuffer 119 3260
outBuffer 120 532
outBuffer 121 -7884
outBuffer 122 1125
outBuffer 123 -4143
outBuffer 124 790
outBuffer 125 -3898
outBuffer 126 -18314
outBuffer 127 -29071
outBuffer 128 -28654
outBuffer 129 -28081
outBuffer 130 -27520
outBuffer 131 -26969
outBuffer 132 -26430
outBuffer 133 -25901
outBuffer 134 -25383
outBuffer 135 -24876
outBuffer 136 -24378
outBuffer 137 -23891
outBuffer 138 -23413
outBuffer 139 -22944
outBuffer 140 -22485
outBuffer 141 -22036
outBuffer 142 -21595
outBuffer 143 -21163
outBuffer 144 -20740
outBuffer 145 -20325
outBuffer 146 -19918
outBuffer 147 -19520
outBuffer 148 -19129
outBuffer 149 -18747
outBuffer 150 -18372
outBuffer 151 -18004
outBuffer 152 -17644
outBuffer 153 -17291
outBuffer 154 -16945
outBuffer 155 -16606
outBuffer 156 -16274
outBuffer 157 -15949
outBuffer 158 -15630
outBuffer 159 -15317
outBuffer 160 -15011
outBuffer 161 -14711
outBuffer 162 -14417
outBuffer 163 -14128
outBuffer 164 -13846
outBuffer 165 -13569
outBuffer 166 -13297
outBuffer 167 -13031
outBuffer 168 -12771
outBuffer 169 -12515
outBuffer 170 -12265
outBuffer 171 -12019
outBuffer 172 -11779
outBuffer 173 -11543
outBuffer 174 -11312
outBuffer 175 -11086
outBuffer 176 -10865
outBuffer 177 -10647
outBuffer 178 -10434
outBuffer 179 -10226
outBuffer 180 -10021
outBuffer 181 -9821
outBuffer 182 -9624
outBuffer 183 -9432
outBuffer 184 -9243
outBuffer 185 -9058
outBuffer 186 -8877
outBuffer 187 -8700
outBuffer 188 -8526
outBuffer 189 -8355
outBuffer 190 -8188
outBuffer 191 -8024
outBuffer 192 -7864
outBuffer 193 -7706
outBuffer 194 -7552
outBuffer 195 -7401
outBuffer 196 -7253
outBuffer 197 -7108
outBuffer 198 -6966
outBuffer 199 -6827
outBuffer 200 -6690
outBuffer 201 -6556
outBuffer 202 -6425
outBuffer 203 -6297
outBuffer 204 -6171
outBuffer 205 -6047
outBuffer 206 -5926
outBuffer 207 -5808
outBuffer 208 -5692
outBuffer 209 -5578
outBuffer 210 -5466
outBuffer 211 -5357
outBuffer 212 -5250
outBuffer 213 -5145
outBuffer 214 -5042
outBuffer 215 -4941
outBuffer 216 -4842
outBuffer 217 -4745
outBuffer 218 -4650
outBuffer 219 -3571
outBuffer 220 -248
outBuffer 221 -3682
outBuffer 222 -4043
outBuffer 223 -3697
outBuffer 224 -4196
outBuffer 225 -2831
outBuffer 226 -3486
outBuffer 227 -4042
outBuffer 228 -3961
outBuffer 229 -3504
outBuffer 230 -2273
outBuffer 231 931
outBuffer 232 -2329
outBuffer 233 -2410
outBuffer 234 -3024
outBuffer 235 -2944
outBuffer 236 -3283
outBuffer 237 -3463
outBuffer 238 -2112
outBuffer 239 1198
outBuffer 240 -1296
outBuffer 241 -500
outBuffer 242 1473
outBuffer 243 -3182
outBuffer 244 -3348
outBuffer 245 -278
outBuffer 246 4389
outBuffer 247 -2082
outBuffer 248 -243
outBuffer 249 3399
outBuffer 250 0
outBuffer 251 0
outBuffer 252 0
outBuffer 253 0
outBuffer 254 0
outBuffer 255 0
outBuffer 256 0
outBuffer 257 0
outBuffer 258 0
outBuffer 259 0
outBuffer 260 0
outBuffer 261 0
outBuffer 262 0
outBuffer 263 0
outBuffer 264 0
outBuffer 265 0
outBuffer 266 0
outBuffer 267 0
outBuffer 268 0
outBuffer 269 0
outBuffer 270 0
outBuffer 271 0
outBuffer 272 0
outBuffer 273 0
outBuffer 274 0
outBuffer 275 0
outBuffer 276 0
outBuffer 277 0
outBuffer 278 0
outBuffer 279 0
outBuffer 280 0
outBuffer 281 0
outBuffer 282 0
outBuffer 283 0
outBuffer 284 0
outBuffer 285 0
outBuffer 286 0
outBuffer 287 0
outBuffer 288 0
outBuffer 289 0
outBuffer 290 0
outBuffer 291 0
outBuffer 292 0
outBuffer 293 0
outBuffer 294 0
outBuffer 295 0
outBuffer 296 0
outBuffer 297 0
outBuffer 298 0
outBuffer 299 0
outBuffer 300 0
outBuffer 301 0
outBuffer 302 0
outBuffer 303 0
outBuffer 304 0
outBuffer 305 0
outBuffer 306 0
outBuffer 307 0
outBuffer 308 0
outBuffer 309 0
outBuffer 310 0
outBuffer 311 0
outBuffer 312 0
outBuffer 313 0
outBuffer 314 0
outBuffer 315 0
outBuffer 316 0
outBuffer 317 0
outBuffer 318 0
outBuffer 319 0
outBuffer 320 0
outBuffer 321 0
outBuffer 322 0
outBuffer 323 0
outBuffer 324 0
outBuffer 325 0
outBuffer 326 0
outBuffer 327 0
outBuffer 328 0
outBuffer 329 0
outBuffer 330 0
outBuffer 331 0
outBuffer 332 0
outBuffer 333 0
outBuffer 334 0
outBuffer 335 0
outBuffer 336 0
outBuffer 337 0
outBuffer 338 0
outBuffer 339 0
outBuffer 340 0
outBuffer 341 0
outBuffer 342 0
outBuffer 343 0
outBuffer 344 0
outBuffer 345 0
outBuffer 346 0
outBuffer 347 0
outBuffer 348 0
outBuffer 349 0
outBuffer 350 0
outBuffer 351 0
outBuffer 352 0
outBuffer 353 0
outBuffer 354 0
outBuffer 355 0
outBuffer 356 0
outBuffer 357 0
outBuffer 358 0
outBuffer 359 0
outBuffer 360 0
outBuffer 361 0
outBuffer 362 0
outBuffer 363 0
outBuffer 364 0
outBuffer 365 0
outBuffer 366 0
outBuffer 367 0
outBuffer 368 0
outBuffer 369 0
outBuffer 370 0
outBuffer 371 0
outBuffer 372 0
outBuffer 373 0
outBuffer 374 0
outBuffer 375 0
outBuffer 376 0
outBuffer 377 0
outBuffer 378 0
outBuffer 379 0
outBuffer 380 0
outBuffer 381 0
outBuffer 382 0
outBuffer 383 0
outBuffer 384 0
outBuffer 385 0
outBuffer 386 0
outBuffer 387 0
outBuffer 388 0
outBuffer 389 0
outBuffer 390 0
outBuffer 391 0
outBuffer 392 0
outBuffer 393 0
outBuffer 394 0
outBuffer 395 0
outBuffer 396 0
outBuffer 397 0
outBuffer 398 0
outBuffer 399 0
outBuffer 400 0
outBuffer 401 0
outBuffer 402 0
outBuffer 403 0
outBuffer 404 0
outBuffer 405 0
outBuffer 406 0
outBuffer 407 0
outBuffer 408 0
outBuffer 409 0
outBuffer 410 0
outBuffer 411 0
outBuffer 412 0
outBuffer 413 0
outBuffer 414 0
outBuffer 415 0
outBuffer 416 0
outBuffer 417 0
outBuffer 418 0
outBuffer 419 0
outBuffer 420 0
outBuffer 421 0
outBuffer 422 0
outBuffer 423 0
outBuffer 424 0
outBuffer 425 0
outBuffer 426 0
outBuffer 427 0
outBuffer 428 0
outBuffer 429 0
outBuffer 430 0
outBuffer 431 0
outBuffer 432 0
outBuffer 433 0
outBuffer 434 0
outBuffer 435 0
outBuffer 436 0
outBuffer 437 0
outBuffer 438 0
outBuffer 439 0
outBuffer 440 0
outBuffer 441 0
outBuffer 442 0
outBuffer 443 0
outBuffer 444 0
outBuffer 445 0
outBuffer 446 0
outBuffer 447 0
outBuffer 448 0
outBuffer 449 0
outBuffer 450 0
outBuffer 451 0
outBuffer 452 0
outBuffer 453 0
outBuffer 454 0
outBuffer 455 0
outBuffer 456 0
outBuffer 457 0
outBuffer 458 0
outBuffer 459 0
outBuffer 460 0
outBuffer 461 0
outBuffer 462 0
outBuffer 463 0
outBuffer 464 0
outBuffer 465 0
outBuffer 466 0
outBuffer 467 0
outBuffer 468 0
outBuffer 469 0
outBuffer 470 0
outBuffer 471 0
outBuffer 472 0
outBuffer 473 0
outBuffer 474 0
outBuffer 475 0
outBuffer 476 0
outBuffer 477 0
outBuffer 478 0
outBuffer 479 0
outBuffer 480 0
outBuffer 481 0
outBuffer 482 0
outBuffer 483 0
outBuffer 484 0
outBuffer 485 0
outBuffer 486 0
outBuffer 487 0
outBuffer 488 0
outBuffer 489 0
outBuffer 490 0
outBuffer 491 0
outBuffer 492 0
outBuffer 493 0
outBuffer 494 0
outBuffer 495 0
outBuffer 496 0
outBuffer 497 0
outBuffer 498 0
outBuffer 499 0
