tone500Hz_pdmdata
0 1
1 1
2 0
3 1
4 0
5 1
6 0
7 1
8 0
9 1
10 0
11 1
12 0
13 1
14 0
15 1
16 0
17 1
18 0
19 1
20 0
21 1
22 0
23 1
24 0
25 1
26 1
27 0
28 1
29 0
30 1
31 0
32 1
33 0
34 1
35 0
36 1
37 1
38 0
39 1
40 0
41 1
42 0
43 1
44 1
45 0
46 1
47 0
48 1
49 0
50 1
51 1
52 0
53 1
54 0
55 1
56 1
57 0
58 1
59 0
60 1
61 0
62 1
63 1
64 0
65 1
66 0
67 1
68 1
69 0
70 1
71 0
72 1
73 1
74 0
75 1
76 1
77 0
78 1
79 0
80 1
81 1
82 0
83 1
84 1
85 0
86 1
87 0
88 1
89 1
90 0
91 1
92 1
93 0
94 1
95 1
96 0
97 1
98 1
99 0
100 1
101 1
102 0
103 1
104 0
105 1
106 1
107 0
108 1
109 1
110 0
111 1
112 1
113 1
114 0
115 1
116 1
117 0
118 1
119 1
120 0
121 1
122 1
123 0
124 1
125 1
126 0
127 1
128 1
129 0
130 1
131 1
132 1
133 0
134 1
135 1
136 0
137 1
138 1
139 1
140 0
141 1
142 1
143 0
144 1
145 1
146 1
147 0
148 1
149 1
150 0
151 1
152 1
153 1
154 0
155 1
156 1
157 1
158 0
159 1
160 1
161 1
162 0
163 1
164 1
165 1
166 0
167 1
168 1
169 1
170 0
171 1
172 1
173 1
174 0
175 1
176 1
177 1
178 0
179 1
180 1
181 1
182 0
183 1
184 1
185 1
186 1
187 0
188 1
189 1
190 1
191 0
192 1
193 1
194 1
195 1
196 0
197 1
198 1
199 1
200 1
201 0
202 1
203 1
204 1
205 1
206 0
207 1
208 1
209 1
210 1
211 0
212 1
213 1
214 1
215 1
216 0
217 1
218 1
219 1
220 1
221 1
222 0
223 1
224 1
225 1
226 1
227 0
228 1
229 1
230 1
231 1
232 1
233 0
234 1
235 1
236 1
237 1
238 1
239 0
240 1
241 1
242 1
243 1
244 1
245 1
246 0
247 1
248 1
249 1
250 1
251 1
252 1
253 0
254 1
255 1
256 1
257 1
258 1
259 1
260 0
261 1
262 1
263 1
264 1
265 1
266 1
267 0
268 1
269 1
270 1
271 1
272 1
273 1
274 1
275 0
276 1
277 1
278 1
279 1
280 1
281 1
282 1
283 1
284 0
285 1
286 1
287 1
288 1
289 1
290 1
291 1
292 1
293 0
294 1
295 1
296 1
297 1
298 1
299 1
300 1
301 1
302 1
303 1
304 0
305 1
306 1
307 1
308 1
309 1
310 1
311 1
312 1
313 1
314 1
315 0
316 1
317 1
318 1
319 1
320 1
321 1
322 1
323 1
324 1
325 1
326 1
327 1
328 0
329 1
330 1
331 1
332 1
333 1
334 1
335 1
336 1
337 1
338 1
339 1
340 1
341 1
342 1
343 1
344 0
345 1
346 1
347 1
348 1
349 1
350 1
351 1
352 1
353 1
354 1
355 1
356 1
357 1
358 1
359 1
360 1
361 1
362 1
363 0
364 1
365 1
366 1
367 1
368 1
369 1
370 1
371 1
372 1
373 1
374 1
375 1
376 1
377 1
378 1
379 1
380 1
381 1
382 1
383 1
384 1
385 1
386 1
387 1
388 1
389 1
390 0
391 1
392 1
393 1
394 1
395 1
396 1
397 1
398 1
399 1
400 1
401 1
402 1
403 1
404 1
405 1
406 1
407 1
408 1
409 1
410 1
411 1
412 1
413 1
414 1
415 1
416 1
417 1
418 1
419 1
420 1
421 1
422 1
423 1
424 1
425 1
426 1
427 1
428 1
429 1
430 1
431 1
432 1
433 1
434 1
435 1
436 1
437 1
438 1
439 1
440 1
441 1
442 1
443 1
444 1
445 1
446 1
447 1
448 1
449 1
450 1
451 0
452 1
453 1
454 1
455 1
456 1
457 1
458 1
459 1
460 1
461 1
462 1
463 1
464 1
465 1
466 1
467 1
468 1
469 1
470 1
471 1
472 1
473 1
474 1
475 1
476 1
477 1
478 1
479 1
480 1
481 1
482 1
483 1
484 1
485 1
486 1
487 1
488 1
489 1
490 1
491 1
492 1
493 1
494 1
495 1
496 1
497 1
498 1
499 1
500 1
501 1
502 1
503 1
504 1
505 1
506 1
507 1
508 1
509 1
510 1
511 1
512 1
513 1
514 1
515 1
516 1
517 1
518 1
519 1
520 1
521 1
522 1
523 1
524 1
525 1
526 1
527 1
528 1
529 1
530 1
531 1
532 1
533 1
534 1
535 1
536 1
537 1
538 1
539 1
540 1
541 1
542 1
543 1
544 1
545 1
546 1
547 1
548 1
549 1
550 1
551 1
552 1
553 1
554 1
555 1
556 1
557 1
558 1
559 1
560 1
561 1
562 1
563 1
564 1
565 1
566 1
567 1
568 1
569 1
570 1
571 1
572 1
573 1
574 1
575 1
576 1
577 1
578 1
579 1
580 1
581 1
582 1
583 1
584 1
585 1
586 1
587 1
588 1
589 1
590 1
591 1
592 1
593 1
594 1
595 1
596 1
597 1
598 1
599 1
600 1
601 1
602 1
603 0
604 1
605 1
606 1
607 1
608 1
609 1
610 1
611 1
612 1
613 1
614 1
615 1
616 1
617 1
618 1
619 1
620 1
621 1
622 1
623 1
624 1
625 1
626 1
627 1
628 1
629 1
630 1
631 1
632 1
633 0
634 1
635 1
636 1
637 1
638 1
639 1
640 1
641 1
642 1
643 1
644 1
645 1
646 1
647 1
648 1
649 1
650 1
651 1
652 1
653 0
654 1
655 1
656 1
657 1
658 1
659 1
660 1
661 1
662 1
663 1
664 1
665 1
666 1
667 1
668 1
669 0
670 1
671 1
672 1
673 1
674 1
675 1
676 1
677 1
678 1
679 1
680 1
681 1
682 0
683 1
684 1
685 1
686 1
687 1
688 1
689 1
690 1
691 1
692 1
693 1
694 0
695 1
696 1
697 1
698 1
699 1
700 1
701 1
702 1
703 1
704 1
705 0
706 1
707 1
708 1
709 1
710 1
711 1
712 1
713 1
714 0
715 1
716 1
717 1
718 1
719 1
720 1
721 1
722 1
723 0
724 1
725 1
726 1
727 1
728 1
729 1
730 1
731 0
732 1
733 1
734 1
735 1
736 1
737 1
738 1
739 0
740 1
741 1
742 1
743 1
744 1
745 1
746 0
747 1
748 1
749 1
750 1
751 1
752 1
753 0
754 1
755 1
756 1
757 1
758 1
759 1
760 0
761 1
762 1
763 1
764 1
765 1
766 0
767 1
768 1
769 1
770 1
771 1
772 0
773 1
774 1
775 1
776 1
777 0
778 1
779 1
780 1
781 1
782 1
783 0
784 1
785 1
786 1
787 1
788 0
789 1
790 1
791 1
792 1
793 0
794 1
795 1
796 1
797 1
798 0
799 1
800 1
801 1
802 1
803 0
804 1
805 1
806 1
807 1
808 0
809 1
810 1
811 1
812 0
813 1
814 1
815 1
816 1
817 0
818 1
819 1
820 1
821 0
822 1
823 1
824 1
825 0
826 1
827 1
828 1
829 1
830 0
831 1
832 1
833 1
834 0
835 1
836 1
837 1
838 0
839 1
840 1
841 0
842 1
843 1
844 1
845 0
846 1
847 1
848 1
849 0
850 1
851 1
852 1
853 0
854 1
855 1
856 0
857 1
858 1
859 1
860 0
861 1
862 1
863 0
864 1
865 1
866 1
867 0
868 1
869 1
870 0
871 1
872 1
873 0
874 1
875 1
876 0
877 1
878 1
879 1
880 0
881 1
882 1
883 0
884 1
885 1
886 0
887 1
888 1
889 0
890 1
891 1
892 0
893 1
894 1
895 0
896 1
897 1
898 0
899 1
900 1
901 0
902 1
903 1
904 0
905 1
906 0
907 1
908 1
909 0
910 1
911 1
912 0
913 1
914 1
915 0
916 1
917 0
918 1
919 1
920 0
921 1
922 1
923 0
924 1
925 0
926 1
927 1
928 0
929 1
930 1
931 0
932 1
933 0
934 1
935 1
936 0
937 1
938 0
939 1
940 1
941 0
942 1
943 0
944 1
945 0
946 1
947 1
948 0
949 1
950 0
951 1
952 1
953 0
954 1
955 0
956 1
957 0
958 1
959 1
960 0
961 1
962 0
963 1
964 0
965 1
966 0
967 1
968 1
969 0
970 1
971 0
972 1
973 0
974 1
975 0
976 1
977 0
978 1
979 0
980 1
981 1
982 0
983 1
984 0
985 1
986 0
987 1
988 0
989 1
990 0
991 1
992 0
993 1
994 0
995 1
996 0
997 1
998 0
999 1
1000 0
1001 1
1002 0
1003 1
1004 0
1005 1
1006 0
1007 1
1008 0
1009 1
1010 0
1011 1
1012 0
1013 1
1014 0
1015 1
1016 0
1017 1
1018 0
1019 1
1020 0
1021 0
1022 1
1023 0
1024 1
1025 0
1026 1
1027 0
1028 1
1029 0
1030 1
1031 0
1032 0
1033 1
1034 0
1035 1
1036 0
1037 1
1038 0
1039 1
1040 0
1041 0
1042 1
1043 0
1044 1
1045 0
1046 1
1047 0
1048 0
1049 1
1050 0
1051 1
1052 0
1053 1
1054 0
1055 0
1056 1
1057 0
1058 1
1059 0
1060 0
1061 1
1062 0
1063 1
1064 0
1065 0
1066 1
1067 0
1068 1
1069 0
1070 0
1071 1
1072 0
1073 1
1074 0
1075 0
1076 1
1077 0
1078 0
1079 1
1080 0
1081 1
1082 0
1083 0
1084 1
1085 0
1086 0
1087 1
1088 0
1089 1
1090 0
1091 0
1092 1
1093 0
1094 0
1095 1
1096 0
1097 0
1098 1
1099 0
1100 0
1101 1
1102 0
1103 0
1104 1
1105 0
1106 0
1107 1
1108 0
1109 0
1110 1
1111 0
1112 0
1113 1
1114 0
1115 0
1116 1
1117 0
1118 0
1119 1
1120 0
1121 0
1122 1
1123 0
1124 0
1125 1
1126 0
1127 0
1128 1
1129 0
1130 0
1131 0
1132 1
1133 0
1134 0
1135 1
1136 0
1137 0
1138 0
1139 1
1140 0
1141 0
1142 1
1143 0
1144 0
1145 0
1146 1
1147 0
1148 0
1149 1
1150 0
1151 0
1152 0
1153 1
1154 0
1155 0
1156 0
1157 1
1158 0
1159 0
1160 1
1161 0
1162 0
1163 0
1164 1
1165 0
1166 0
1167 0
1168 1
1169 0
1170 0
1171 0
1172 1
1173 0
1174 0
1175 0
1176 0
1177 1
1178 0
1179 0
1180 0
1181 1
1182 0
1183 0
1184 0
1185 1
1186 0
1187 0
1188 0
1189 0
1190 1
1191 0
1192 0
1193 0
1194 1
1195 0
1196 0
1197 0
1198 0
1199 1
1200 0
1201 0
1202 0
1203 0
1204 1
1205 0
1206 0
1207 0
1208 0
1209 1
1210 0
1211 0
1212 0
1213 0
1214 1
1215 0
1216 0
1217 0
1218 0
1219 0
1220 1
1221 0
1222 0
1223 0
1224 0
1225 1
1226 0
1227 0
1228 0
1229 0
1230 0
1231 1
1232 0
1233 0
1234 0
1235 0
1236 0
1237 1
1238 0
1239 0
1240 0
1241 0
1242 0
1243 0
1244 1
1245 0
1246 0
1247 0
1248 0
1249 0
1250 1
1251 0
1252 0
1253 0
1254 0
1255 0
1256 0
1257 1
1258 0
1259 0
1260 0
1261 0
1262 0
1263 0
1264 0
1265 1
1266 0
1267 0
1268 0
1269 0
1270 0
1271 0
1272 0
1273 1
1274 0
1275 0
1276 0
1277 0
1278 0
1279 0
1280 0
1281 1
1282 0
1283 0
1284 0
1285 0
1286 0
1287 0
1288 0
1289 0
1290 1
1291 0
1292 0
1293 0
1294 0
1295 0
1296 0
1297 0
1298 0
1299 0
1300 1
1301 0
1302 0
1303 0
1304 0
1305 0
1306 0
1307 0
1308 0
1309 0
1310 0
1311 0
1312 1
1313 0
1314 0
1315 0
1316 0
1317 0
1318 0
1319 0
1320 0
1321 0
1322 0
1323 0
1324 1
1325 0
1326 0
1327 0
1328 0
1329 0
1330 0
1331 0
1332 0
1333 0
1334 0
1335 0
1336 0
1337 0
1338 0
1339 1
1340 0
1341 0
1342 0
1343 0
1344 0
1345 0
1346 0
1347 0
1348 0
1349 0
1350 0
1351 0
1352 0
1353 0
1354 0
1355 0
1356 0
1357 1
1358 0
1359 0
1360 0
1361 0
1362 0
1363 0
1364 0
1365 0
1366 0
1367 0
1368 0
1369 0
1370 0
1371 0
1372 0
1373 0
1374 0
1375 0
1376 0
1377 0
1378 0
1379 0
1380 1
1381 0
1382 0
1383 0
1384 0
1385 0
1386 0
1387 0
1388 0
1389 0
1390 0
1391 0
1392 0
1393 0
1394 0
1395 0
1396 0
1397 0
1398 0
1399 0
1400 0
1401 0
1402 0
1403 0
1404 0
1405 0
1406 0
1407 0
1408 0
1409 0
1410 0
1411 0
1412 0
1413 0
1414 0
1415 0
1416 0
1417 0
1418 0
1419 0
1420 0
1421 1
1422 0
1423 0
1424 0
1425 0
1426 0
1427 0
1428 0
1429 0
1430 0
1431 0
1432 0
1433 0
1434 0
1435 0
1436 0
1437 0
1438 0
1439 0
1440 0
1441 0
1442 0
1443 0
1444 0
1445 0
1446 0
1447 0
1448 0
1449 0
1450 0
1451 0
1452 0
1453 0
1454 0
1455 0
1456 0
1457 0
1458 0
1459 0
1460 0
1461 0
1462 0
1463 0
1464 0
1465 0
1466 0
1467 0
1468 0
1469 0
1470 0
1471 0
1472 0
1473 0
1474 0
1475 0
1476 0
1477 0
1478 0
1479 0
1480 0
1481 0
1482 0
1483 0
1484 0
1485 0
1486 0
1487 0
1488 0
1489 0
1490 0
1491 0
1492 0
1493 0
1494 0
1495 0
1496 0
1497 0
1498 0
1499 0
1500 0
1501 0
1502 0
1503 0
1504 0
1505 0
1506 0
1507 0
1508 0
1509 0
1510 0
1511 0
1512 0
1513 0
1514 0
1515 0
1516 0
1517 0
1518 0
1519 0
1520 0
1521 0
1522 0
1523 0
1524 0
1525 0
1526 0
1527 0
1528 0
1529 0
1530 0
1531 0
1532 0
1533 0
1534 0
1535 0
1536 0
1537 0
1538 0
1539 0
1540 0
1541 0
1542 0
1543 0
1544 0
1545 0
1546 0
1547 0
1548 0
1549 0
1550 0
1551 0
1552 0
1553 0
1554 0
1555 0
1556 0
1557 0
1558 0
1559 0
1560 0
1561 0
1562 0
1563 0
1564 0
1565 0
1566 0
1567 0
1568 0
1569 0
1570 0
1571 0
1572 0
1573 0
1574 0
1575 0
1576 0
1577 0
1578 0
1579 0
1580 0
1581 0
1582 0
1583 0
1584 0
1585 0
1586 0
1587 0
1588 0
1589 0
1590 1
1591 0
1592 0
1593 0
1594 0
1595 0
1596 0
1597 0
1598 0
1599 0
1600 0
1601 0
1602 0
1603 0
1604 0
1605 0
1606 0
1607 0
1608 0
1609 0
1610 0
1611 0
1612 0
1613 0
1614 0
1615 0
1616 0
1617 0
1618 0
1619 0
1620 0
1621 0
1622 0
1623 0
1624 0
1625 1
1626 0
1627 0
1628 0
1629 0
1630 0
1631 0
1632 0
1633 0
1634 0
1635 0
1636 0
1637 0
1638 0
1639 0
1640 0
1641 0
1642 0
1643 0
1644 0
1645 0
1646 0
1647 1
1648 0
1649 0
1650 0
1651 0
1652 0
1653 0
1654 0
1655 0
1656 0
1657 0
1658 0
1659 0
1660 0
1661 0
1662 0
1663 0
1664 1
1665 0
1666 0
1667 0
1668 0
1669 0
1670 0
1671 0
1672 0
1673 0
1674 0
1675 0
1676 0
1677 0
1678 1
1679 0
1680 0
1681 0
1682 0
1683 0
1684 0
1685 0
1686 0
1687 0
1688 0
1689 0
1690 0
1691 1
1692 0
1693 0
1694 0
1695 0
1696 0
1697 0
1698 0
1699 0
1700 0
1701 1
1702 0
1703 0
1704 0
1705 0
1706 0
1707 0
1708 0
1709 0
1710 0
1711 1
1712 0
1713 0
1714 0
1715 0
1716 0
1717 0
1718 0
1719 0
1720 1
1721 0
1722 0
1723 0
1724 0
1725 0
1726 0
1727 0
1728 0
1729 1
1730 0
1731 0
1732 0
1733 0
1734 0
1735 0
1736 0
1737 1
1738 0
1739 0
1740 0
1741 0
1742 0
1743 0
1744 1
1745 0
1746 0
1747 0
1748 0
1749 0
1750 0
1751 1
1752 0
1753 0
1754 0
1755 0
1756 0
1757 0
1758 1
1759 0
1760 0
1761 0
1762 0
1763 0
1764 1
1765 0
1766 0
1767 0
1768 0
1769 0
1770 1
1771 0
1772 0
1773 0
1774 0
1775 0
1776 1
1777 0
1778 0
1779 0
1780 0
1781 1
1782 0
1783 0
1784 0
1785 0
1786 0
1787 1
1788 0
1789 0
1790 0
1791 0
1792 1
1793 0
1794 0
1795 0
1796 0
1797 1
1798 0
1799 0
1800 0
1801 0
1802 1
1803 0
1804 0
1805 0
1806 1
1807 0
1808 0
1809 0
1810 0
1811 1
1812 0
1813 0
1814 0
1815 0
1816 1
1817 0
1818 0
1819 0
1820 1
1821 0
1822 0
1823 0
1824 1
1825 0
1826 0
1827 0
1828 1
1829 0
1830 0
1831 0
1832 1
1833 0
1834 0
1835 0
1836 1
1837 0
1838 0
1839 0
1840 1
1841 0
1842 0
1843 0
1844 1
1845 0
1846 0
1847 0
1848 1
1849 0
1850 0
1851 1
1852 0
1853 0
1854 0
1855 1
1856 0
1857 0
1858 0
1859 1
1860 0
1861 0
1862 1
1863 0
1864 0
1865 0
1866 1
1867 0
1868 0
1869 1
1870 0
1871 0
1872 1
1873 0
1874 0
1875 1
1876 0
1877 0
1878 0
1879 1
1880 0
1881 0
1882 1
1883 0
1884 0
1885 1
1886 0
1887 0
1888 1
1889 0
1890 0
1891 1
1892 0
1893 0
1894 1
1895 0
1896 0
1897 1
1898 0
1899 0
1900 1
1901 0
1902 0
1903 1
1904 0
1905 0
1906 1
1907 0
1908 1
1909 0
1910 0
1911 1
1912 0
1913 0
1914 1
1915 0
1916 0
1917 1
1918 0
1919 1
1920 0
1921 0
1922 1
1923 0
1924 0
1925 1
1926 0
1927 1
1928 0
1929 0
1930 1
1931 0
1932 1
1933 0
1934 0
1935 1
1936 0
1937 1
1938 0
1939 0
1940 1
1941 0
1942 1
1943 0
1944 0
1945 1
1946 0
1947 1
1948 0
1949 0
1950 1
1951 0
1952 1
1953 0
1954 1
1955 0
1956 0
1957 1
1958 0
1959 1
1960 0
1961 1
1962 0
1963 1
1964 0
1965 0
1966 1
1967 0
1968 1
1969 0
1970 1
1971 0
1972 1
1973 0
1974 1
1975 0
1976 0
1977 1
1978 0
1979 1
1980 0
1981 1
1982 0
1983 1
1984 0
1985 1
1986 0
1987 1
1988 0
1989 1
1990 0
1991 1
1992 0
1993 1
1994 0
1995 1
1996 0
1997 1
1998 0
1999 0
pdmBuffer8_tone500Hz_pdmdata first bit to LSB
0 171
1 170
2 170
3 86
4 181
5 90
6 173
7 213
8 90
9 91
10 91
11 219
12 182
13 182
14 219
15 182
16 221
17 110
18 183
19 187
20 187
21 187
22 187
23 119
24 239
25 189
26 247
27 190
28 247
29 125
30 191
31 223
32 239
33 247
34 247
35 239
36 223
37 255
38 254
39 247
40 255
41 254
42 255
43 254
44 255
45 247
46 255
47 255
48 191
49 255
50 255
51 255
52 255
53 255
54 255
55 255
56 247
57 255
58 255
59 255
60 255
61 255
62 255
63 255
64 255
65 255
66 255
67 255
68 255
69 255
70 255
71 255
72 255
73 255
74 255
75 247
76 255
77 255
78 255
79 253
80 255
81 223
82 255
83 223
84 255
85 251
86 191
87 255
88 253
89 251
90 247
91 247
92 247
93 251
94 253
95 190
96 239
97 125
98 239
99 189
100 247
101 238
102 221
103 189
104 187
105 221
106 221
107 110
108 183
109 237
110 182
111 109
112 219
113 218
114 214
115 214
116 214
117 90
118 173
119 213
120 170
121 85
122 181
123 170
124 170
125 170
126 170
127 74
128 85
129 170
130 84
131 42
132 165
133 148
134 146
135 146
136 146
137 36
138 73
139 146
140 36
141 145
142 72
143 36
144 34
145 17
146 17
147 34
148 66
149 132
150 16
151 66
152 16
153 130
154 32
155 16
156 4
157 2
158 2
159 2
160 2
161 4
162 16
163 0
164 1
165 16
166 0
167 8
168 0
169 32
170 0
171 0
172 16
173 0
174 0
175 0
176 0
177 32
178 0
179 0
180 0
181 0
182 0
183 0
184 0
185 0
186 0
187 0
188 0
189 0
190 0
191 0
192 0
193 0
194 0
195 0
196 0
197 0
198 64
199 0
200 0
201 0
202 0
203 2
204 0
205 128
206 0
207 0
208 1
209 64
210 0
211 8
212 32
213 128
214 0
215 1
216 2
217 2
218 129
219 64
220 16
221 4
222 33
223 8
224 33
225 68
226 8
227 17
228 17
229 17
230 17
231 137
232 72
233 36
234 137
235 36
236 73
237 146
238 148
239 164
240 164
241 148
242 82
243 74
244 165
245 74
246 85
247 170
248 170
249 42
pdmBuffer8_tone500Hz_pdmdata first bit to MSB
0 213
1 85
2 85
3 106
4 173
5 90
6 181
7 171
8 90
9 218
10 218
11 219
12 109
13 109
14 219
15 109
16 187
17 118
18 237
19 221
20 221
21 221
22 221
23 238
24 247
25 189
26 239
27 125
28 239
29 190
30 253
31 251
32 247
33 239
34 239
35 247
36 251
37 255
38 127
39 239
40 255
41 127
42 255
43 127
44 255
45 239
46 255
47 255
48 253
49 255
50 255
51 255
52 255
53 255
54 255
55 255
56 239
57 255
58 255
59 255
60 255
61 255
62 255
63 255
64 255
65 255
66 255
67 255
68 255
69 255
70 255
71 255
72 255
73 255
74 255
75 239
76 255
77 255
78 255
79 191
80 255
81 251
82 255
83 251
84 255
85 223
86 253
87 255
88 191
89 223
90 239
91 239
92 239
93 223
94 191
95 125
96 247
97 190
98 247
99 189
100 239
101 119
102 187
103 189
104 221
105 187
106 187
107 118
108 237
109 183
110 109
111 182
112 219
113 91
114 107
115 107
116 107
117 90
118 181
119 171
120 85
121 170
122 173
123 85
124 85
125 85
126 85
127 82
128 170
129 85
130 42
131 84
132 165
133 41
134 73
135 73
136 73
137 36
138 146
139 73
140 36
141 137
142 18
143 36
144 68
145 136
146 136
147 68
148 66
149 33
150 8
151 66
152 8
153 65
154 4
155 8
156 32
157 64
158 64
159 64
160 64
161 32
162 8
163 0
164 128
165 8
166 0
167 16
168 0
169 4
170 0
171 0
172 8
173 0
174 0
175 0
176 0
177 4
178 0
179 0
180 0
181 0
182 0
183 0
184 0
185 0
186 0
187 0
188 0
189 0
190 0
191 0
192 0
193 0
194 0
195 0
196 0
197 0
198 2
199 0
200 0
201 0
202 0
203 64
204 0
205 1
206 0
207 0
208 128
209 2
210 0
211 16
212 4
213 1
214 0
215 128
216 64
217 64
218 129
219 2
220 8
221 32
222 132
223 16
224 132
225 34
226 16
227 136
228 136
229 136
230 136
231 145
232 18
233 36
234 145
235 36
236 146
237 73
238 41
239 37
240 37
241 41
242 74
243 82
244 165
245 82
246 170
247 85
248 85
249 84
