PCM_outBuffer 
0 -28252
1 -3879
2 9198
3 14835
4 20309
5 24722
6 27268
7 29495
8 29481
9 29443
10 27221
11 24533
12 19940
13 14945
14 9398
15 3089
16 -3472
17 -9716
18 -15723
19 -20949
20 -26434
21 -29203
22 -32087
23 -32768
24 -32768
25 -32370
26 -29585
27 -26522
28 -22043
29 -16011
30 -9860
31 -4216
32 2663
33 9009
34 14501
35 20080
36 24961
37 27636
38 30229
39 30518
40 30583
41 28937
42 26118
43 22340
44 16982
45 11813
46 5603
47 -966
48 -7393
49 -13346
50 -18969
51 -24283
52 -27930
53 -30653
54 -32398
55 -32768
56 -32191
57 -29540
58 -26701
59 -22695
60 -16871
61 -10754
62 -5024
63 1551
64 8143
65 13686
66 19346
67 24464
68 27626
69 30246
70 31130
71 31138
72 30103
73 27265
74 24143
75 18637
76 13747
77 7719
78 1073
79 -5330
80 -11434
81 -17289
82 -22367
83 -27013
84 -29447
85 -31721
86 -32665
87 -32166
88 -29910
89 -27090
90 -23538
91 -17984
92 -12028
93 -5999
94 67
95 6960
96 12622
97 18279
98 23595
99 27316
100 29900
101 31457
102 31348
103 30920
104 28206
105 25481
106 20180
107 15385
108 9493
109 3005
110 -3503
111 -9710
112 -15696
113 -20734
114 -26056
115 -28445
116 -31179
117 -32310
118 -32211
119 -30419
120 -27627
121 -24379
122 -19302
123 -13355
124 -7204
125 -1856
126 2969
127 5195
128 6624
129 7750
130 8634
131 9559
132 9235
133 10059
134 9909
135 9462
136 8492
137 7148
138 5884
139 4525
140 2884
141 1206
142 -331
143 -2070
144 -3002
145 -4473
146 -5516
147 -6566
148 -6980
149 -6661
150 -5738
151 -5434
152 -5012
153 -4140
154 -2289
155 -1095
156 482
157 2218
158 3852
159 5322
160 6383
161 7583
162 8437
163 8288
164 9056
165 9047
166 8842
167 7762
168 6821
169 5306
170 4077
171 2568
172 833
173 -713
174 -2386
175 -3573
176 -4689
177 -6103
178 -6886
179 -7724
180 -7359
181 -6759
182 -5932
183 -5847
184 -5068
185 -3258
186 -2059
187 -466
188 1225
189 2947
190 4423
191 5533
192 6935
193 7636
194 7914
195 8356
196 8618
197 8521
198 7487
199 6798
200 5156
201 3959
202 2604
203 797
204 -731
205 -2341
206 -3768
207 -4643
208 -6271
209 -6957
210 -8053
211 -7776
212 -7395
213 -6254
214 -6331
215 -5641
216 -4038
217 -2694
218 -1133
219 471
220 2256
221 3739
222 5031
223 6375
224 7075
225 7830
226 7794
227 8421
228 8315
229 7556
230 6812
231 5244
232 4090
233 2733
234 1017
235 -564
236 -2121
237 -3718
238 -4517
239 -6186
240 -6905
241 -8095
242 -8066
243 -7757
244 -6574
245 -6609
246 -5965
247 -4743
248 -3097
249 -1709
