PCM_outBuffer 
0 -28625
1 -7169
2 703
3 701
4 687
5 673
6 660
7 647
8 634
9 621
10 609
11 597
12 585
13 573
14 562
15 551
16 540
17 529
18 518
19 508
20 498
21 488
22 478
23 468
24 459
25 450
26 441
27 432
28 423
29 415
30 406
31 398
32 390
33 382
34 375
35 367
36 360
37 353
38 346
39 339
40 332
41 325
42 319
43 312
44 306
45 300
46 294
47 288
48 282
49 276
50 271
51 265
52 260
53 255
54 250
55 245
56 240
57 235
58 230
59 226
60 221
61 217
62 212
63 208
64 204
65 200
66 196
67 192
68 188
69 184
70 180
71 177
72 173
73 170
74 166
75 163
76 159
77 156
78 153
79 150
80 147
81 144
82 141
83 138
84 135
85 133
86 130
87 128
88 125
89 123
90 120
91 118
92 115
93 113
94 110
95 108
96 106
97 104
98 102
99 100
100 98
101 96
102 94
103 92
104 90
105 88
106 86
107 85
108 83
109 82
110 80
111 79
112 77
113 76
114 74
115 73
116 71
117 70
118 68
119 67
120 65
121 64
122 62
123 61
124 60
125 431
126 3347
127 8551
128 14188
129 19675
130 24101
131 26659
132 28898
133 28896
134 28870
135 26659
136 23983
137 19401
138 14416
139 8880
140 2582
141 -3969
142 -10204
143 -16201
144 -21418
145 -26893
146 -29653
147 -32527
148 -32768
149 -32768
150 -32768
151 -29991
152 -26920
153 -22434
154 -16393
155 -10235
156 -4583
157 2303
158 8655
159 14155
160 19740
161 24628
162 27310
163 29910
164 30205
165 30276
166 28636
167 25823
168 22051
169 16699
170 11535
171 5331
172 -1232
173 -7655
174 -13602
175 -19220
176 -24529
177 -28172
178 -30890
179 -32630
180 -32768
181 -32414
182 -29758
183 -26915
184 -22905
185 -17077
186 -10956
187 -5221
188 1358
189 7953
190 13500
191 19165
192 24286
193 27451
194 30075
195 30963
196 30973
197 29941
198 27106
199 23988
200 18485
201 13597
202 7572
203 929
204 -5471
205 -11572
206 -17424
207 -22499
208 -27143
209 -29574
210 -31846
211 -32768
212 -32285
213 -30027
214 -27204
215 -23651
216 -18095
217 -12137
218 -6106
219 -37
220 6858
221 12522
222 18181
223 23499
224 27222
225 29807
226 31367
227 31259
228 30833
229 28121
230 25398
231 20099
232 15305
233 9415
234 2928
235 -3579
236 -9784
237 -15769
238 -20805
239 -26126
240 -28514
241 -31247
242 -32376
243 -32276
244 -30482
245 -27689
246 -24440
247 -19361
248 -13414
249 -7261
250 -1912
251 2914
252 5142
253 6572
254 7699
255 8584
256 9510
257 9187
258 10012
259 9863
260 9417
261 8448
262 7105
263 5842
264 4484
265 2844
266 1166
267 -370
268 -2108
269 -3039
270 -4510
271 -5552
272 -6601
273 -7015
274 -6694
275 -5770
276 -5466
277 -5043
278 -4170
279 -2318
280 -1124
281 454
282 2190
283 3824
284 5295
285 6357
286 7558
287 8413
288 8264
289 9032
290 9024
291 8819
292 7740
293 6799
294 5284
295 4056
296 2547
297 813
298 -733
299 -2405
300 -3592
301 -4707
302 -6122
303 -6904
304 -7742
305 -7376
306 -6776
307 -5949
308 -5863
309 -5084
310 -3273
311 -2074
312 -480
313 1210
314 2932
315 4409
316 5520
317 6922
318 7623
319 7901
320 8344
321 8606
322 8509
323 7475
324 6786
325 5145
326 3947
327 2593
328 785
329 -742
330 -2352
331 -3779
332 -4654
333 -6282
334 -6968
335 -8064
336 -7786
337 -7406
338 -6264
339 -6342
340 -5652
341 -4048
342 -2703
343 -1143
344 462
345 2247
346 3730
347 5022
348 6366
349 7067
350 7822
351 7785
352 8413
353 8307
354 7548
355 6804
356 5237
357 4083
358 2725
359 1010
360 -571
361 -2129
362 -3725
363 -4524
364 -6193
365 -6911
366 -8102
367 -8072
368 -7764
369 -6581
370 -6616
371 -5971
372 -4749
373 -3103
374 -1715
375 221
376 4222
377 9451
378 15071
379 20540
380 24949
381 27490
382 29713
383 29694
384 29652
385 27426
386 24734
387 20137
388 15138
389 9587
390 3275
391 -3289
392 -9538
393 -15548
394 -20778
395 -26266
396 -29038
397 -31925
398 -32768
399 -32768
400 -32218
401 -29436
402 -26376
403 -21901
404 -15871
405 -9724
406 -4082
407 2794
408 9137
409 14627
410 20203
411 25081
412 27754
413 30345
414 30631
415 30694
416 29046
417 26225
418 22444
419 17085
420 11913
421 5701
422 -869
423 -7299
424 -13253
425 -18878
426 -24194
427 -27844
428 -30568
429 -32315
430 -32768
431 -32111
432 -29461
433 -26624
434 -22620
435 -16797
436 -10682
437 -4953
438 1621
439 8211
440 13753
441 19412
442 24528
443 27689
444 30307
445 31191
446 31197
447 30160
448 27321
449 24198
450 18691
451 13800
452 7771
453 1124
454 -5280
455 -11385
456 -17241
457 -22320
458 -26967
459 -29402
460 -31677
461 -32622
462 -32123
463 -29868
464 -27048
465 -23498
466 -17945
467 -11990
468 -5962
469 104
470 6996
471 12658
472 18314
473 23629
474 27350
475 29933
476 31490
477 31380
478 30951
479 28236
480 25511
481 20210
482 15414
483 9521
484 3032
485 -3477
486 -9684
487 -15671
488 -20709
489 -26031
490 -28421
491 -31156
492 -32287
493 -32189
494 -30397
495 -27606
496 -24358
497 -19281
498 -13335
499 -7184
500 -1837
501 2988
502 5214
503 6642
504 7768
505 8652
506 9577
507 9252
508 10075
509 9925
510 9477
511 8507
512 7163
513 5898
514 4539
515 2898
516 1220
517 -318
518 -2057
519 -2989
520 -4461
521 -5504
522 -6554
523 -6968
524 -6649
525 -5726
526 -5422
527 -5000
528 -4128
529 -2277
530 -1083
531 494
532 2229
533 3862
534 5332
535 6393
536 7593
537 8447
538 8297
539 9065
540 9055
541 8850
542 7769
543 6828
544 5313
545 4084
546 2575
547 840
548 -707
549 -2379
550 -3566
551 -4682
552 -6097
553 -6880
554 -7718
555 -7353
556 -6753
557 -5927
558 -5842
559 -5063
560 -3252
561 -2054
562 -461
563 1229
564 2951
565 4427
566 5538
567 6940
568 7640
569 7918
570 8361
571 8623
572 8525
573 7492
574 6803
575 5161
576 3963
577 2609
578 801
579 -726
580 -2337
581 -3764
582 -4639
583 -6268
584 -6953
585 -8050
586 -7772
587 -7392
588 -6250
589 -6328
590 -5638
591 -4035
592 -2690
593 -1130
594 475
595 2259
596 3742
597 5034
598 6379
599 7079
600 7834
601 7797
602 8424
603 8318
604 7559
605 6815
606 5247
607 4093
608 2735
609 1020
610 -561
611 -2119
612 -3715
613 -4515
614 -6184
615 -6903
616 -8093
617 -8064
618 -7755
619 -6572
620 -6607
621 -5963
622 -4741
623 -3095
624 -1707
625 0
626 0
627 0
628 0
629 0
630 0
631 0
632 0
633 0
634 0
635 0
636 0
637 0
638 0
639 0
640 0
641 0
642 0
643 0
644 0
645 0
646 0
647 0
648 0
649 0
650 0
651 0
652 0
653 0
654 0
655 0
656 0
657 0
658 0
659 0
660 0
661 0
662 0
663 0
664 0
665 0
666 0
667 0
668 0
669 0
670 0
671 0
672 0
673 0
674 0
675 0
676 0
677 0
678 0
679 0
680 0
681 0
682 0
683 0
684 0
685 0
686 0
687 0
688 0
689 0
690 0
691 0
692 0
693 0
694 0
695 0
696 0
697 0
698 0
699 0
700 0
701 0
702 0
703 0
704 0
705 0
706 0
707 0
708 0
709 0
710 0
711 0
712 0
713 0
714 0
715 0
716 0
717 0
718 0
719 0
720 0
721 0
722 0
723 0
724 0
725 0
726 0
727 0
728 0
729 0
730 0
731 0
732 0
733 0
734 0
735 0
736 0
737 0
738 0
739 0
740 0
741 0
742 0
743 0
744 0
745 0
746 0
747 0
748 0
749 0
750 0
751 0
752 0
753 0
754 0
755 0
756 0
757 0
758 0
759 0
760 0
761 0
762 0
763 0
764 0
765 0
766 0
767 0
768 0
769 0
770 0
771 0
772 0
773 0
774 0
775 0
776 0
777 0
778 0
779 0
780 0
781 0
782 0
783 0
784 0
785 0
786 0
787 0
788 0
789 0
790 0
791 0
792 0
793 0
794 0
795 0
796 0
797 0
798 0
799 0
800 0
801 0
802 0
803 0
804 0
805 0
806 0
807 0
808 0
809 0
810 0
811 0
812 0
813 0
814 0
815 0
816 0
817 0
818 0
819 0
820 0
821 0
822 0
823 0
824 0
825 0
826 0
827 0
828 0
829 0
830 0
831 0
832 0
833 0
834 0
835 0
836 0
837 0
838 0
839 0
840 0
841 0
842 0
843 0
844 0
845 0
846 0
847 0
848 0
849 0
850 0
851 0
852 0
853 0
854 0
855 0
856 0
857 0
858 0
859 0
860 0
861 0
862 0
863 0
864 0
865 0
866 0
867 0
868 0
869 0
870 0
871 0
872 0
873 0
874 0
875 0
876 0
877 0
878 0
879 0
880 0
881 0
882 0
883 0
884 0
885 0
886 0
887 0
888 0
889 0
890 0
891 0
892 0
893 0
894 0
895 0
896 0
897 0
898 0
899 0
900 0
901 0
902 0
903 0
904 0
905 0
906 0
907 0
908 0
909 0
910 0
911 0
912 0
913 0
914 0
915 0
916 0
917 0
918 0
919 0
920 0
921 0
922 0
923 0
924 0
925 0
926 0
927 0
928 0
929 0
930 0
931 0
932 0
933 0
934 0
935 0
936 0
937 0
938 0
939 0
940 0
941 0
942 0
943 0
944 0
945 0
946 0
947 0
948 0
949 0
950 0
951 0
952 0
953 0
954 0
955 0
956 0
957 0
958 0
959 0
960 0
961 0
962 0
963 0
964 0
965 0
966 0
967 0
968 0
969 0
970 0
971 0
972 0
973 0
974 0
975 0
976 0
977 0
978 0
979 0
980 0
981 0
982 0
983 0
984 0
985 0
986 0
987 0
988 0
989 0
990 0
991 0
992 0
993 0
994 0
995 0
996 0
997 0
998 0
999 0
