PCM_outBuffer 
0 0
1 0
2 0
3 0
4 0
5 0
6 0
7 0
8 0
9 0
10 0
11 0
12 0
13 0
14 0
15 0
16 0
17 0
18 0
19 0
20 0
21 0
22 0
23 0
24 0
25 0
26 0
27 0
28 0
29 0
30 0
31 0
32 0
33 0
34 0
35 0
36 0
37 0
38 0
39 0
40 0
41 0
42 0
43 0
44 0
45 0
46 0
47 0
48 0
49 0
50 0
51 0
52 0
53 0
54 0
55 0
56 0
57 0
58 0
59 0
60 0
61 0
62 0
63 0
64 0
65 0
66 0
67 0
68 0
69 0
70 0
71 0
72 0
73 0
74 0
75 0
76 0
77 0
78 0
79 0
80 0
81 0
82 0
83 0
84 0
85 0
86 0
87 0
88 0
89 0
90 0
91 0
92 0
93 0
94 0
95 0
96 0
97 0
98 0
99 0
100 0
101 0
102 0
103 0
104 0
105 0
106 0
107 0
108 0
109 0
110 0
111 0
112 0
113 0
114 0
115 0
116 0
117 0
118 0
119 0
120 0
121 0
122 0
123 0
124 0
125 0
126 0
127 0
128 0
129 0
130 0
131 0
132 0
133 0
134 0
135 0
136 0
137 0
138 0
139 0
140 0
141 0
142 0
143 0
144 0
145 0
146 0
147 0
148 0
149 0
150 0
151 0
152 0
153 0
154 0
155 0
156 0
157 0
158 0
159 0
160 0
161 0
162 0
163 0
164 0
165 0
166 0
167 0
168 0
169 0
170 0
171 0
172 0
173 0
174 0
175 0
176 0
177 0
178 0
179 0
180 0
181 0
182 0
183 0
184 0
185 0
186 0
187 0
188 0
189 0
190 0
191 0
192 0
193 0
194 0
195 0
196 0
197 0
198 0
199 0
200 0
201 0
202 0
203 0
204 0
205 0
206 0
207 0
208 0
209 0
210 0
211 0
212 0
213 0
214 0
215 0
216 0
217 0
218 0
219 0
220 0
221 0
222 0
223 0
224 0
225 0
226 0
227 0
228 0
229 0
230 0
231 0
232 0
233 0
234 0
235 0
236 0
237 0
238 0
239 0
240 0
241 0
242 0
243 0
244 0
245 0
246 0
247 0
248 0
249 0
250 21973
251 27221
252 23213
253 -21579
254 -9638
255 -9254
256 28013
257 28123
258 30395
259 -8723
260 -8739
261 -4387
262 -16905
263 32239
264 -16657
265 -1027
266 -4105
267 -2065
268 -5
269 -4225
270 32767
271 32767
272 -4097
273 -1
274 -3
275 -1
276 -1
277 -1
278 -17
279 -1
280 -1
281 -1
282 -1
283 -1
284 -1
285 -1
286 -1
287 -4097
288 -1
289 -16385
290 -1025
291 -1025
292 -8193
293 -3
294 -8257
295 -4113
296 -8209
297 32191
298 -16649
299 -16905
300 30703
301 -16965
302 -17443
303 30395
304 -18451
305 -18835
306 23515
307 27499
308 23147
309 -21579
310 -21931
311 21933
312 21845
313 21077
314 21930
315 21546
316 10661
317 18761
318 9289
319 18834
320 -30428
321 9234
322 -30652
323 17544
324 8514
325 16904
326 16648
327 2052
328 16416
329 16448
330 8256
331 8
332 2176
333 4096
334 1024
335 0
336 8
337 0
338 1024
339 0
340 0
341 0
342 0
343 0
344 0
345 0
346 0
347 0
348 0
349 2
350 0
351 16384
352 256
353 0
354 640
355 4096
356 260
357 -32768
358 16448
359 641
360 8200
361 4228
362 8836
363 -30704
364 -30584
365 -28280
366 9234
367 9361
368 18834
369 9513
370 10533
371 21066
372 21157
373 21930
374 21589
375 -28625
376 -7169
377 703
378 701
379 687
380 673
381 660
382 647
383 634
384 621
385 609
386 597
387 585
388 573
389 562
390 551
391 540
392 529
393 518
394 508
395 498
396 488
397 478
398 468
399 459
400 450
401 441
402 432
403 423
404 415
405 406
406 398
407 390
408 382
409 375
410 367
411 360
412 353
413 346
414 339
415 332
416 325
417 319
418 312
419 306
420 300
421 294
422 288
423 282
424 276
425 271
426 265
427 260
428 255
429 250
430 245
431 240
432 235
433 230
434 226
435 221
436 217
437 212
438 208
439 204
440 200
441 196
442 192
443 188
444 184
445 180
446 177
447 173
448 170
449 166
450 163
451 159
452 156
453 153
454 150
455 147
456 144
457 141
458 138
459 135
460 133
461 130
462 128
463 125
464 123
465 120
466 118
467 115
468 113
469 110
470 108
471 106
472 104
473 102
474 100
475 98
476 96
477 94
478 92
479 90
480 88
481 86
482 85
483 83
484 82
485 80
486 79
487 77
488 76
489 74
490 73
491 71
492 70
493 68
494 67
495 65
496 64
497 62
498 61
499 60
