pdmBuffer8_8000bits_1000bytes_2 first bit to MSB
0 106
1 170
2 170
3 170
4 170
5 170
6 181
7 85
8 85
9 170
10 170
11 213
12 86
13 170
14 213
15 90
16 171
17 85
18 170
19 213
20 106
21 213
22 106
23 213
24 171
25 86
26 173
27 106
28 213
29 173
30 90
31 214
32 181
33 107
34 90
35 214
36 181
37 173
38 107
39 90
40 214
41 182
42 181
43 173
44 173
45 107
46 107
47 91
48 90
49 218
50 218
51 214
52 214
53 214
54 214
55 214
56 214
57 182
58 182
59 182
60 182
61 182
62 182
63 182
64 182
65 182
66 182
67 182
68 182
69 182
70 182
71 182
72 181
73 181
74 181
75 173
76 173
77 173
78 109
79 107
80 107
81 90
82 218
83 214
84 181
85 173
86 109
87 107
88 90
89 214
90 173
91 107
92 90
93 213
94 173
95 106
96 214
97 173
98 90
99 181
100 171
101 86
102 171
103 86
104 173
105 86
106 171
107 85
108 170
109 181
110 86
111 170
112 213
113 86
114 170
115 171
116 85
117 85
118 106
119 170
120 170
121 170
122 173
123 85
124 85
125 85
126 85
127 82
128 170
129 170
130 170
131 169
132 85
133 85
134 74
135 170
136 149
137 84
138 170
139 165
140 84
141 170
142 85
143 42
144 149
145 74
146 165
147 74
148 149
149 42
150 84
151 169
152 74
153 149
154 41
155 74
156 148
157 165
158 74
159 82
160 148
161 165
162 41
163 74
164 82
165 148
166 148
167 165
168 41
169 41
170 73
171 74
172 74
173 82
174 82
175 146
176 146
177 148
178 148
179 148
180 148
181 148
182 148
183 148
184 148
185 148
186 148
187 148
188 148
189 148
190 148
191 148
192 148
193 148
194 164
195 164
196 164
197 164
198 165
199 37
200 37
201 41
202 41
203 73
204 74
205 74
206 82
207 146
208 148
209 165
210 37
211 41
212 74
213 82
214 148
215 165
216 74
217 82
218 149
219 41
220 74
221 148
222 169
223 82
224 165
225 42
226 84
227 170
228 84
229 170
230 84
231 170
232 85
233 42
234 165
235 84
236 170
237 165
238 85
239 42
240 170
241 85
242 85
243 82
244 170
245 170
246 170
247 170
248 170
249 170
250 106
251 170
252 170
253 170
254 170
255 170
256 181
257 85
258 85
259 170
260 170
261 213
262 86
263 170
264 213
265 90
266 171
267 85
268 170
269 213
270 106
271 213
272 106
273 213
274 171
275 86
276 173
277 106
278 213
279 173
280 90
281 214
282 181
283 107
284 90
285 214
286 181
287 173
288 107
289 90
290 214
291 182
292 181
293 173
294 173
295 107
296 107
297 91
298 90
299 218
300 218
301 214
302 214
303 214
304 214
305 214
306 214
307 182
308 182
309 182
310 182
311 182
312 182
313 182
314 182
315 182
316 182
317 182
318 182
319 182
320 182
321 182
322 181
323 181
324 181
325 173
326 173
327 173
328 109
329 107
330 107
331 90
332 218
333 214
334 181
335 173
336 109
337 107
338 90
339 214
340 173
341 107
342 90
343 213
344 173
345 106
346 214
347 173
348 90
349 181
350 171
351 86
352 171
353 86
354 173
355 86
356 171
357 85
358 170
359 181
360 86
361 170
362 213
363 86
364 170
365 171
366 85
367 85
368 106
369 170
370 170
371 170
372 173
373 85
374 85
375 85
376 85
377 82
378 170
379 170
380 170
381 169
382 85
383 85
384 74
385 170
386 149
387 84
388 170
389 165
390 84
391 170
392 85
393 42
394 149
395 74
396 165
397 74
398 149
399 42
400 84
401 169
402 74
403 149
404 41
405 74
406 148
407 165
408 74
409 82
410 148
411 165
412 41
413 74
414 82
415 148
416 148
417 165
418 41
419 41
420 73
421 74
422 74
423 82
424 82
425 146
426 146
427 148
428 148
429 148
430 148
431 148
432 148
433 148
434 148
435 148
436 148
437 148
438 148
439 148
440 148
441 148
442 148
443 148
444 164
445 164
446 164
447 164
448 165
449 37
450 37
451 41
452 41
453 73
454 74
455 74
456 82
457 146
458 148
459 165
460 37
461 41
462 74
463 82
464 148
465 165
466 74
467 82
468 149
469 41
470 74
471 148
472 169
473 82
474 165
475 42
476 84
477 170
478 84
479 170
480 84
481 170
482 85
483 42
484 165
485 84
486 170
487 165
488 85
489 42
490 170
491 85
492 85
493 82
494 170
495 170
496 170
497 170
498 170
499 170
500 106
501 170
502 170
503 170
504 170
505 170
506 181
507 85
508 85
509 170
510 170
511 213
512 86
513 170
514 213
515 90
516 171
517 85
518 170
519 213
520 106
521 213
522 106
523 213
524 171
525 86
526 173
527 106
528 213
529 173
530 90
531 214
532 181
533 107
534 90
535 214
536 181
537 173
538 107
539 90
540 214
541 182
542 181
543 173
544 173
545 107
546 107
547 91
548 90
549 218
550 218
551 214
552 214
553 214
554 214
555 214
556 214
557 182
558 182
559 182
560 182
561 182
562 182
563 182
564 182
565 182
566 182
567 182
568 182
569 182
570 182
571 182
572 181
573 181
574 181
575 173
576 173
577 173
578 109
579 107
580 107
581 90
582 218
583 214
584 181
585 173
586 109
587 107
588 90
589 214
590 173
591 107
592 90
593 213
594 173
595 106
596 214
597 173
598 90
599 181
600 171
601 86
602 171
603 86
604 173
605 86
606 171
607 85
608 170
609 181
610 86
611 170
612 213
613 86
614 170
615 171
616 85
617 85
618 106
619 170
620 170
621 170
622 173
623 85
624 85
625 85
626 85
627 82
628 170
629 170
630 170
631 169
632 85
633 85
634 74
635 170
636 149
637 84
638 170
639 165
640 84
641 170
642 85
643 42
644 149
645 74
646 165
647 74
648 149
649 42
650 84
651 169
652 74
653 149
654 41
655 74
656 148
657 165
658 74
659 82
660 148
661 165
662 41
663 74
664 82
665 148
666 148
667 165
668 41
669 41
670 73
671 74
672 74
673 82
674 82
675 146
676 146
677 148
678 148
679 148
680 148
681 148
682 148
683 148
684 148
685 148
686 148
687 148
688 148
689 148
690 148
691 148
692 148
693 148
694 164
695 164
696 164
697 164
698 165
699 37
700 37
701 41
702 41
703 73
704 74
705 74
706 82
707 146
708 148
709 165
710 37
711 41
712 74
713 82
714 148
715 165
716 74
717 82
718 149
719 41
720 74
721 148
722 169
723 82
724 165
725 42
726 84
727 170
728 84
729 170
730 84
731 170
732 85
733 42
734 165
735 84
736 170
737 165
738 85
739 42
740 170
741 85
742 85
743 82
744 170
745 170
746 170
747 170
748 170
749 170
750 106
751 170
752 170
753 170
754 170
755 170
756 181
757 85
758 85
759 170
760 170
761 213
762 86
763 170
764 213
765 90
766 171
767 85
768 170
769 213
770 106
771 213
772 106
773 213
774 171
775 86
776 173
777 106
778 213
779 173
780 90
781 214
782 181
783 107
784 90
785 214
786 181
787 173
788 107
789 90
790 214
791 182
792 181
793 173
794 173
795 107
796 107
797 91
798 90
799 218
800 218
801 214
802 214
803 214
804 214
805 214
806 214
807 182
808 182
809 182
810 182
811 182
812 182
813 182
814 182
815 182
816 182
817 182
818 182
819 182
820 182
821 182
822 181
823 181
824 181
825 173
826 173
827 173
828 109
829 107
830 107
831 90
832 218
833 214
834 181
835 173
836 109
837 107
838 90
839 214
840 173
841 107
842 90
843 213
844 173
845 106
846 214
847 173
848 90
849 181
850 171
851 86
852 171
853 86
854 173
855 86
856 171
857 85
858 170
859 181
860 86
861 170
862 213
863 86
864 170
865 171
866 85
867 85
868 106
869 170
870 170
871 170
872 173
873 85
874 85
875 85
876 85
877 82
878 170
879 170
880 170
881 169
882 85
883 85
884 74
885 170
886 149
887 84
888 170
889 165
890 84
891 170
892 85
893 42
894 149
895 74
896 165
897 74
898 149
899 42
900 84
901 169
902 74
903 149
904 41
905 74
906 148
907 165
908 74
909 82
910 148
911 165
912 41
913 74
914 82
915 148
916 148
917 165
918 41
919 41
920 73
921 74
922 74
923 82
924 82
925 146
926 146
927 148
928 148
929 148
930 148
931 148
932 148
933 148
934 148
935 148
936 148
937 148
938 148
939 148
940 148
941 148
942 148
943 148
944 164
945 164
946 164
947 164
948 165
949 37
950 37
951 41
952 41
953 73
954 74
955 74
956 82
957 146
958 148
959 165
960 37
961 41
962 74
963 82
964 148
965 165
966 74
967 82
968 149
969 41
970 74
971 148
972 169
973 82
974 165
975 42
976 84
977 170
978 84
979 170
980 84
981 170
982 85
983 42
984 165
985 84
986 170
987 165
988 85
989 42
990 170
991 85
992 85
993 82
994 170
995 170
996 170
997 170
998 170
999 170
PCM_outBuffer 
0 -28611
1 -6438
2 2944
3 4427
4 5597
5 6524
6 7492
7 7209
8 8073
9 7963
10 7554
11 6623
12 5316
13 4089
14 2766
15 1160
16 -484
17 -1987
18 -3693
19 -4592
20 -6032
21 -7044
22 -8063
23 -8448
24 -8099
25 -7147
26 -6815
27 -6365
28 -5466
29 -3588
30 -2368
31 -765
32 996
33 2654
34 4148
35 5233
36 6455
37 7332
38 7205
39 7994
40 8006
41 7822
42 6762
43 5841
44 4345
45 3136
46 1646
47 -71
48 -1599
49 -3253
50 -4423
51 -5522
52 -6920
53 -7686
54 -8508
55 -8127
56 -7512
57 -6670
58 -6570
59 -5777
60 -3952
61 -2740
62 -1133
63 570
64 2305
65 3794
66 4917
67 6332
68 7044
69 7334
70 7789
71 8062
72 7975
73 6953
74 6274
75 4643
76 3455
77 2111
78 313
79 -1204
80 -2805
81 -4223
82 -5089
83 -6709
84 -7386
85 -8474
86 -8188
87 -7799
88 -6650
89 -6719
90 -6022
91 -4411
92 -3059
93 -1491
94 121
95 1912
96 3402
97 4701
98 6052
99 6758
100 7520
101 7489
102 8122
103 8022
104 7269
105 6531
106 4969
107 3820
108 2468
109 758
110 -818
111 -2370
112 -3962
113 -4756
114 -6421
115 -7134
116 -8320
117 -8286
118 -7974
119 -6787
120 -6818
121 -6169
122 -4943
123 -3293
124 -1901
