PCM_outBuffer 
0 -28252
1 -3879
2 9198
3 14835
4 20309
5 24722
6 27268
7 29495
8 29481
9 29443
10 27221
11 24533
12 19940
13 14945
14 9398
15 3089
16 -3472
17 -9716
18 -15723
19 -20949
20 -26434
21 -29203
22 -32087
23 -32768
24 -32768
25 -32370
26 -29585
27 -26522
28 -22043
29 -16011
30 -9860
31 -4216
32 2663
33 9009
34 14501
35 20080
36 24961
37 27636
38 30229
39 30518
40 30583
41 28937
42 26118
43 22340
44 16982
45 11813
46 5603
47 -966
48 -7393
49 -13346
50 -18969
51 -24283
52 -27930
53 -30653
54 -32398
55 -32768
56 -32191
57 -29540
58 -26701
59 -22695
60 -16871
61 -10754
62 -5024
63 1551
64 8143
65 13686
66 19346
67 24464
68 27626
69 30246
70 31130
71 31138
72 30103
73 27265
74 24143
75 18637
76 13747
77 7719
78 1073
79 -5330
80 -11434
81 -17289
82 -22367
83 -27013
84 -29447
85 -31721
86 -32665
87 -32166
88 -29910
89 -27090
90 -23538
91 -17984
92 -12028
93 -5999
94 67
95 6960
96 12622
97 18279
98 23595
99 27316
100 29900
101 31457
102 31348
103 30920
104 28206
105 25481
106 20180
107 15385
108 9493
109 3005
110 -3503
111 -9710
112 -15696
113 -20734
114 -26056
115 -28445
116 -31179
117 -32310
118 -32211
119 -30419
120 -27627
121 -24379
122 -19302
123 -13355
124 -7204
125 -1856
126 2969
127 5195
128 6624
129 7750
130 8634
131 9559
132 9235
133 10059
134 9909
135 9462
136 8492
137 7148
138 5884
139 4525
140 2884
141 1206
142 -331
143 -2070
144 -3002
145 -4473
146 -5516
147 -6566
148 -6980
149 -6661
150 -5738
151 -5434
152 -5012
153 -4140
154 -2289
155 -1095
156 482
157 2218
158 3852
159 5322
160 6383
161 7583
162 8437
163 8288
164 9056
165 9047
166 8842
167 7762
168 6821
169 5306
170 4077
171 2568
172 833
173 -713
174 -2386
175 -3573
176 -4689
177 -6103
178 -6886
179 -7724
180 -7359
181 -6759
182 -5932
183 -5847
184 -5068
185 -3258
186 -2059
187 -466
188 1225
189 2947
190 4423
191 5533
192 6935
193 7636
194 7914
195 8356
196 8618
197 8521
198 7487
199 6798
200 5156
201 3959
202 2604
203 797
204 -731
205 -2341
206 -3768
207 -4643
208 -6271
209 -6957
210 -8053
211 -7776
212 -7395
213 -6254
214 -6331
215 -5641
216 -4038
217 -2694
218 -1133
219 471
220 2256
221 3739
222 5031
223 6375
224 7075
225 7830
226 7794
227 8421
228 8315
229 7556
230 6812
231 5244
232 4090
233 2733
234 1017
235 -564
236 -2121
237 -3718
238 -4517
239 -6186
240 -6905
241 -8095
242 -8066
243 -7757
244 -6574
245 -6609
246 -5965
247 -4743
248 -3097
249 -1709
250 227
251 4227
252 9457
253 15076
254 20546
255 24954
256 27495
257 29718
258 29699
259 29657
260 27430
261 24738
262 20141
263 15141
264 9591
265 3278
266 -3286
267 -9534
268 -15545
269 -20775
270 -26263
271 -29036
272 -31923
273 -32768
274 -32768
275 -32215
276 -29434
277 -26374
278 -21899
279 -15869
280 -9722
281 -4080
282 2796
283 9139
284 14628
285 20204
286 25083
287 27755
288 30346
289 30633
290 30696
291 29047
292 26226
293 22446
294 17086
295 11915
296 5703
297 -868
298 -7297
299 -13252
300 -18877
301 -24193
302 -27842
303 -30567
304 -32314
305 -32768
306 -32109
307 -29460
308 -26623
309 -22618
310 -16796
311 -10680
312 -4951
313 1622
314 8212
315 13754
316 19414
317 24530
318 27690
319 30309
320 31192
321 31198
322 30162
323 27322
324 24200
325 18693
326 13801
327 7772
328 1125
329 -5279
330 -11384
331 -17240
332 -22319
333 -26966
334 -29401
335 -31676
336 -32621
337 -32122
338 -29867
339 -27047
340 -23497
341 -17944
342 -11989
343 -5961
344 105
345 6997
346 12659
347 18315
348 23630
349 27351
350 29934
351 31491
352 31381
353 30952
354 28237
355 25512
356 20211
357 15415
358 9522
359 3033
360 -3476
361 -9683
362 -15670
363 -20708
364 -26031
365 -28421
366 -31155
367 -32286
368 -32188
369 -30396
370 -27605
371 -24357
372 -19281
373 -13335
374 -7184
375 -1836
376 2988
377 5214
378 6643
379 7768
380 8652
381 9577
382 9253
383 10076
384 9926
385 9478
386 8508
387 7163
388 5899
389 4540
390 2899
391 1220
392 -317
393 -2057
394 -2989
395 -4461
396 -5503
397 -6554
398 -6968
399 -6649
400 -5726
401 -5422
402 -5000
403 -4128
404 -2277
405 -1083
406 494
407 2229
408 3862
409 5332
410 6393
411 7593
412 8447
413 8297
414 9065
415 9055
416 8850
417 7769
418 6828
419 5313
420 4084
421 2575
422 840
423 -707
424 -2379
425 -3566
426 -4682
427 -6097
428 -6880
429 -7718
430 -7353
431 -6753
432 -5927
433 -5842
434 -5063
435 -3252
436 -2054
437 -461
438 1229
439 2951
440 4427
441 5538
442 6940
443 7640
444 7918
445 8361
446 8623
447 8525
448 7492
449 6803
450 5161
451 3963
452 2609
453 801
454 -726
455 -2337
456 -3764
457 -4639
458 -6268
459 -6953
460 -8050
461 -7772
462 -7392
463 -6250
464 -6328
465 -5638
466 -4035
467 -2690
468 -1130
469 475
470 2259
471 3742
472 5034
473 6379
474 7079
475 7834
476 7797
477 8424
478 8318
479 7559
480 6815
481 5247
482 4093
483 2735
484 1020
485 -561
486 -2119
487 -3715
488 -4515
489 -6184
490 -6903
491 -8093
492 -8064
493 -7755
494 -6572
495 -6607
496 -5963
497 -4741
498 -3095
499 -1707
