outBuffer 
0 -28347
1 -3152
2 10571
3 16284
4 21640
5 25400
6 28022
7 29617
8 29544
9 29153
10 26474
11 23784
12 18517
13 13755
14 7896
15 1440
16 -5037
17 -11213
18 -17169
19 -22178
20 -27471
21 -29832
22 -32538
23 -32768
24 -32768
25 -31698
26 -28881
27 -25607
28 -20506
29 -14535
30 -8360
31 -2631
32 4417
33 10361
34 15966
35 21417
36 25808
37 28332
38 30538
39 30503
40 30444
41 28202
42 25495
43 20882
44 15868
45 10303
46 3976
47 -2602
48 -8864
49 -14888
50 -20131
51 -25632
52 -28418
53 -31317
54 -32664
55 -32768
56 -31645
57 -28875
58 -25826
59 -21362
60 -15343
61 -9206
62 -3574
63 3292
64 9625
65 15105
66 20671
67 25541
68 28204
69 30786
70 31064
71 31118
72 29461
73 26631
74 22843
75 17475
76 12296
77 6077
78 -501
79 -6938
80 -12900
81 -18532
82 -23855
83 -27511
84 -30243
85 -31996
86 -32680
87 -31804
88 -29161
89 -26330
90 -22331
91 -16515
92 -10405
93 -4681
94 1887
95 8472
96 14008
97 19662
98 24773
99 27929
100 30543
101 31422
102 31423
103 30382
104 27538
105 24411
106 18900
107 14004
108 7971
109 1320
110 -5088
111 -11196
112 -17056
113 -22138
114 -26790
115 -29228
116 -31507
117 -32455
118 -31959
119 -29708
120 -26891
121 -23344
122 -17794
123 -11842
124 -5820