outBuffer 
0 -28252
1 -3879
2 9198
3 14835
4 20309
5 24722
6 27268
7 29495
8 29481
9 29443
10 27221
11 24533
12 19940
13 14945
14 9398
15 3089
16 -3472
17 -9716
18 -15723
19 -20949
20 -26434
21 -29203
22 -32087
23 -32768
24 -32768
25 -32370
26 -29585
27 -26522
28 -22043
29 -16011
30 -9860
31 -4216
32 2663
33 9009
34 14501
35 20080
36 24961
37 27636
38 30229
39 30518
40 30583
41 28937
42 26118
43 22340
44 16982
45 11813
46 5603
47 -966
48 -7393
49 -13346
50 -18969
51 -24283
52 -27930
53 -30653
54 -32398
55 -32768
56 -32191
57 -29540
58 -26701
59 -22695
60 -16871
61 -10754
62 -5024
63 1551
64 8143
65 13686
66 19346
67 24464
68 27626
69 30246
70 31130
71 31138
72 30103
73 27265
74 24143
75 18637
76 13747
77 7719
78 1073
79 -5330
80 -11434
81 -17289
82 -22367
83 -27013
84 -29447
85 -31721
86 -32665
87 -32166
88 -29910
89 -27090
90 -23538
91 -17984
92 -12028
93 -5999
94 67
95 6960
96 12622
97 18279
98 23595
99 27316
100 29900
101 31457
102 31348
103 30920
104 28206
105 25481
106 20180
107 15385
108 9493
109 3005
110 -3503
111 -9710
112 -15696
113 -20734
114 -26056
115 -28445
116 -31179
117 -32310
118 -32211
119 -30419
120 -27627
121 -24379
122 -19302
123 -13355
124 -7204
