pdmBuffer8_8000bits_1000bytes first bit to MSB
0 213
1 85
2 85
3 106
4 173
5 90
6 181
7 171
8 90
9 218
10 218
11 219
12 109
13 109
14 219
15 109
16 187
17 118
18 237
19 221
20 221
21 221
22 221
23 238
24 247
25 189
26 239
27 125
28 239
29 190
30 253
31 251
32 247
33 239
34 239
35 247
36 251
37 255
38 127
39 239
40 255
41 127
42 255
43 127
44 255
45 239
46 255
47 255
48 253
49 255
50 255
51 255
52 255
53 255
54 255
55 255
56 239
57 255
58 255
59 255
60 255
61 255
62 255
63 255
64 255
65 255
66 255
67 255
68 255
69 255
70 255
71 255
72 255
73 255
74 255
75 239
76 255
77 255
78 255
79 191
80 255
81 251
82 255
83 251
84 255
85 223
86 253
87 255
88 191
89 223
90 239
91 239
92 239
93 223
94 191
95 125
96 247
97 190
98 247
99 189
100 239
101 119
102 187
103 189
104 221
105 187
106 187
107 118
108 237
109 183
110 109
111 182
112 219
113 91
114 107
115 107
116 107
117 90
118 181
119 171
120 85
121 170
122 173
123 85
124 85
125 85
126 85
127 82
128 170
129 85
130 42
131 84
132 165
133 41
134 73
135 73
136 73
137 36
138 146
139 73
140 36
141 137
142 18
143 36
144 68
145 136
146 136
147 68
148 66
149 33
150 8
151 66
152 8
153 65
154 4
155 8
156 32
157 64
158 64
159 64
160 64
161 32
162 8
163 0
164 128
165 8
166 0
167 16
168 0
169 4
170 0
171 0
172 8
173 0
174 0
175 0
176 0
177 4
178 0
179 0
180 0
181 0
182 0
183 0
184 0
185 0
186 0
187 0
188 0
189 0
190 0
191 0
192 0
193 0
194 0
195 0
196 0
197 0
198 2
199 0
200 0
201 0
202 0
203 64
204 0
205 1
206 0
207 0
208 128
209 2
210 0
211 16
212 4
213 1
214 0
215 128
216 64
217 64
218 129
219 2
220 8
221 32
222 132
223 16
224 132
225 34
226 16
227 136
228 136
229 136
230 136
231 145
232 18
233 36
234 145
235 36
236 146
237 73
238 41
239 37
240 37
241 41
242 74
243 82
244 165
245 82
246 170
247 85
248 85
249 84
250 213
251 85
252 85
253 106
254 173
255 90
256 181
257 171
258 90
259 218
260 218
261 219
262 109
263 109
264 219
265 109
266 187
267 118
268 237
269 221
270 221
271 221
272 221
273 238
274 247
275 189
276 239
277 125
278 239
279 190
280 253
281 251
282 247
283 239
284 239
285 247
286 251
287 255
288 127
289 239
290 255
291 127
292 255
293 127
294 255
295 239
296 255
297 255
298 253
299 255
300 255
301 255
302 255
303 255
304 255
305 255
306 239
307 255
308 255
309 255
310 255
311 255
312 255
313 255
314 255
315 255
316 255
317 255
318 255
319 255
320 255
321 255
322 255
323 255
324 255
325 239
326 255
327 255
328 255
329 191
330 255
331 251
332 255
333 251
334 255
335 223
336 253
337 255
338 191
339 223
340 239
341 239
342 239
343 223
344 191
345 125
346 247
347 190
348 247
349 189
350 239
351 119
352 187
353 189
354 221
355 187
356 187
357 118
358 237
359 183
360 109
361 182
362 219
363 91
364 107
365 107
366 107
367 90
368 181
369 171
370 85
371 170
372 173
373 85
374 85
375 85
376 85
377 82
378 170
379 85
380 42
381 84
382 165
383 41
384 73
385 73
386 73
387 36
388 146
389 73
390 36
391 137
392 18
393 36
394 68
395 136
396 136
397 68
398 66
399 33
400 8
401 66
402 8
403 65
404 4
405 8
406 32
407 64
408 64
409 64
410 64
411 32
412 8
413 0
414 128
415 8
416 0
417 16
418 0
419 4
420 0
421 0
422 8
423 0
424 0
425 0
426 0
427 4
428 0
429 0
430 0
431 0
432 0
433 0
434 0
435 0
436 0
437 0
438 0
439 0
440 0
441 0
442 0
443 0
444 0
445 0
446 0
447 0
448 2
449 0
450 0
451 0
452 0
453 64
454 0
455 1
456 0
457 0
458 128
459 2
460 0
461 16
462 4
463 1
464 0
465 128
466 64
467 64
468 129
469 2
470 8
471 32
472 132
473 16
474 132
475 34
476 16
477 136
478 136
479 136
480 136
481 145
482 18
483 36
484 145
485 36
486 146
487 73
488 41
489 37
490 37
491 41
492 74
493 82
494 165
495 82
496 170
497 85
498 85
499 84
500 213
501 85
502 85
503 106
504 173
505 90
506 181
507 171
508 90
509 218
510 218
511 219
512 109
513 109
514 219
515 109
516 187
517 118
518 237
519 221
520 221
521 221
522 221
523 238
524 247
525 189
526 239
527 125
528 239
529 190
530 253
531 251
532 247
533 239
534 239
535 247
536 251
537 255
538 127
539 239
540 255
541 127
542 255
543 127
544 255
545 239
546 255
547 255
548 253
549 255
550 255
551 255
552 255
553 255
554 255
555 255
556 239
557 255
558 255
559 255
560 255
561 255
562 255
563 255
564 255
565 255
566 255
567 255
568 255
569 255
570 255
571 255
572 255
573 255
574 255
575 239
576 255
577 255
578 255
579 191
580 255
581 251
582 255
583 251
584 255
585 223
586 253
587 255
588 191
589 223
590 239
591 239
592 239
593 223
594 191
595 125
596 247
597 190
598 247
599 189
600 239
601 119
602 187
603 189
604 221
605 187
606 187
607 118
608 237
609 183
610 109
611 182
612 219
613 91
614 107
615 107
616 107
617 90
618 181
619 171
620 85
621 170
622 173
623 85
624 85
625 85
626 85
627 82
628 170
629 85
630 42
631 84
632 165
633 41
634 73
635 73
636 73
637 36
638 146
639 73
640 36
641 137
642 18
643 36
644 68
645 136
646 136
647 68
648 66
649 33
650 8
651 66
652 8
653 65
654 4
655 8
656 32
657 64
658 64
659 64
660 64
661 32
662 8
663 0
664 128
665 8
666 0
667 16
668 0
669 4
670 0
671 0
672 8
673 0
674 0
675 0
676 0
677 4
678 0
679 0
680 0
681 0
682 0
683 0
684 0
685 0
686 0
687 0
688 0
689 0
690 0
691 0
692 0
693 0
694 0
695 0
696 0
697 0
698 2
699 0
700 0
701 0
702 0
703 64
704 0
705 1
706 0
707 0
708 128
709 2
710 0
711 16
712 4
713 1
714 0
715 128
716 64
717 64
718 129
719 2
720 8
721 32
722 132
723 16
724 132
725 34
726 16
727 136
728 136
729 136
730 136
731 145
732 18
733 36
734 145
735 36
736 146
737 73
738 41
739 37
740 37
741 41
742 74
743 82
744 165
745 82
746 170
747 85
748 85
749 84
750 213
751 85
752 85
753 106
754 173
755 90
756 181
757 171
758 90
759 218
760 218
761 219
762 109
763 109
764 219
765 109
766 187
767 118
768 237
769 221
770 221
771 221
772 221
773 238
774 247
775 189
776 239
777 125
778 239
779 190
780 253
781 251
782 247
783 239
784 239
785 247
786 251
787 255
788 127
789 239
790 255
791 127
792 255
793 127
794 255
795 239
796 255
797 255
798 253
799 255
800 255
801 255
802 255
803 255
804 255
805 255
806 239
807 255
808 255
809 255
810 255
811 255
812 255
813 255
814 255
815 255
816 255
817 255
818 255
819 255
820 255
821 255
822 255
823 255
824 255
825 239
826 255
827 255
828 255
829 191
830 255
831 251
832 255
833 251
834 255
835 223
836 253
837 255
838 191
839 223
840 239
841 239
842 239
843 223
844 191
845 125
846 247
847 190
848 247
849 189
850 239
851 119
852 187
853 189
854 221
855 187
856 187
857 118
858 237
859 183
860 109
861 182
862 219
863 91
864 107
865 107
866 107
867 90
868 181
869 171
870 85
871 170
872 173
873 85
874 85
875 85
876 85
877 82
878 170
879 85
880 42
881 84
882 165
883 41
884 73
885 73
886 73
887 36
888 146
889 73
890 36
891 137
892 18
893 36
894 68
895 136
896 136
897 68
898 66
899 33
900 8
901 66
902 8
903 65
904 4
905 8
906 32
907 64
908 64
909 64
910 64
911 32
912 8
913 0
914 128
915 8
916 0
917 16
918 0
919 4
920 0
921 0
922 8
923 0
924 0
925 0
926 0
927 4
928 0
929 0
930 0
931 0
932 0
933 0
934 0
935 0
936 0
937 0
938 0
939 0
940 0
941 0
942 0
943 0
944 0
945 0
946 0
947 0
948 2
949 0
950 0
951 0
952 0
953 64
954 0
955 1
956 0
957 0
958 128
959 2
960 0
961 16
962 4
963 1
964 0
965 128
966 64
967 64
968 129
969 2
970 8
971 32
972 132
973 16
974 132
975 34
976 16
977 136
978 136
979 136
980 136
981 145
982 18
983 36
984 145
985 36
986 146
987 73
988 41
989 37
990 37
991 41
992 74
993 82
994 165
995 82
996 170
997 85
998 85
999 84
