PCM_outBuffer 
0 271
1 1618
2 2091
3 2091
4 2090
5 2089
6 2088
7 2087
8 2087
9 2086
10 2085
11 2084
12 2084
13 2083
14 2082
15 2081
16 2081
17 2080
18 2079
19 2079
20 2078
21 2078
22 2077
23 2076
24 2076
25 2075
26 2075
27 2074
28 2074
29 2073
30 2073
31 2072
32 2072
33 2071
34 2071
35 2070
36 2070
37 2069
38 2069
39 2068
40 2068
41 2068
42 2067
43 2067
44 2066
45 2066
46 2066
47 2065
48 2065
49 2065
50 2064
51 2064
52 2064
53 2063
54 2063
55 2063
56 2062
57 2062
58 2062
59 2061
60 2061
61 2061
62 2061
63 2060
64 2060
65 2060
66 2060
67 2059
68 2059
69 2059
70 2059
71 2058
72 2058
73 2058
74 2058
75 2058
76 2057
77 2057
78 2057
79 2057
80 2057
81 2056
82 2056
83 2056
84 2056
85 2056
86 2056
87 2055
88 2055
89 2055
90 2055
91 2055
92 2055
93 2055
94 2054
95 2054
96 2054
97 2054
98 2054
99 2054
100 2054
101 2054
102 2053
103 2053
104 2053
105 2053
106 2053
107 2053
108 2053
109 2053
110 2053
111 2052
112 2052
113 2052
114 2052
115 2052
116 2052
117 2052
118 2052
119 2052
120 2052
121 2051
122 2051
123 2051
124 2051
125 2062
126 2238
127 2582
128 2935
129 3278
130 3554
131 3714
132 3854
133 3854
134 3852
135 3714
136 3547
137 3261
138 2949
139 2603
140 2209
141 1800
142 1410
143 1035
144 709
145 367
146 195
147 15
148 0
149 0
150 0
151 173
152 365
153 646
154 1023
155 1408
156 1761
157 2192
158 2589
159 2932
160 3282
161 3587
162 3755
163 3917
164 3936
165 3940
166 3838
167 3662
168 3426
169 3091
170 2769
171 2381
172 1971
173 1569
174 1198
175 847
176 515
177 287
178 117
179 8
180 0
181 22
182 188
183 366
184 616
185 980
186 1363
187 1721
188 2133
189 2545
190 2891
191 3246
192 3566
193 3763
194 3927
195 3983
196 3984
197 3919
198 3742
199 3547
200 3203
201 2898
202 2521
203 2106
204 1706
205 1324
206 959
207 641
208 351
209 199
210 57
211 0
212 30
213 171
214 347
215 570
216 917
217 1289
218 1666
219 2045
220 2476
221 2830
222 3184
223 3516
224 3749
225 3911
226 4008
227 4001
228 3975
229 3805
230 3635
231 3304
232 3004
233 2636
234 2231
235 1824
236 1436
237 1062
238 747
239 415
240 266
241 95
242 24
243 30
244 143
245 317
246 520
247 838
248 1209
249 1594
250 1939
251 2203
252 2229
253 2225
254 2221
255 2218
256 2214
257 2211
258 2208
259 2205
260 2201
261 2198
262 2195
263 2192
264 2189
265 2187
266 2184
267 2181
268 2178
269 2176
270 2173
271 2171
272 2168
273 2166
274 2164
275 2161
276 2159
277 2157
278 2155
279 2152
280 2150
281 2148
282 2146
283 2144
284 2142
285 2140
286 2139
287 2137
288 2135
289 2133
290 2132
291 2130
292 2128
293 2127
294 2125
295 2123
296 2122
297 2120
298 2119
299 2117
300 2116
301 2115
302 2113
303 2112
304 2111
305 2109
306 2108
307 2107
308 2106
309 2105
310 2104
311 2102
312 2101
313 2100
314 2099
315 2098
316 2097
317 2096
318 2095
319 2094
320 2093
321 2092
322 2091
323 2091
324 2090
325 2089
326 2088
327 2087
328 2086
329 2086
330 2085
331 2084
332 2083
333 2083
334 2082
335 2081
336 2081
337 2080
338 2079
339 2079
340 2078
341 2077
342 2077
343 2076
344 2076
345 2075
346 2075
347 2074
348 2074
349 2073
350 2072
351 2072
352 2071
353 2071
354 2071
355 2070
356 2070
357 2069
358 2069
359 2068
360 2068
361 2068
362 2067
363 2067
364 2066
365 2066
366 2066
367 2065
368 2065
369 2065
370 2064
371 2064
372 2064
373 2063
374 2063
375 2051
376 2089
377 2202
378 2295
379 2369
380 2427
381 2488
382 2471
383 2526
384 2519
385 2494
386 2437
387 2356
388 2279
389 2197
390 2097
391 1995
392 1901
393 1795
394 1739
395 1650
396 1587
397 1524
398 1500
399 1522
400 1582
401 1603
402 1632
403 1688
404 1806
405 1883
406 1983
407 2094
408 2198
409 2291
410 2359
411 2436
412 2491
413 2483
414 2533
415 2534
416 2523
417 2457
418 2400
419 2306
420 2231
421 2138
422 2031
423 1936
424 1833
425 1760
426 1691
427 1604
428 1557
429 1505
430 1529
431 1568
432 1621
433 1627
434 1677
435 1791
436 1867
437 1968
438 2074
439 2183
440 2276
441 2347
442 2435
443 2480
444 2498
445 2527
446 2544
447 2539
448 2475
449 2433
450 2331
451 2257
452 2173
453 2061
454 1966
455 1866
456 1778
457 1724
458 1622
459 1580
460 1512
461 1530
462 1555
463 1627
464 1622
465 1666
466 1767
467 1852
468 1950
469 2050
470 2163
471 2256
472 2337
473 2422
474 2466
475 2513
476 2512
477 2551
478 2545
479 2498
480 2452
481 2355
482 2283
483 2198
484 2092
485 1993
486 1896
487 1797
488 1747
489 1643
490 1599
491 1525
492 1527
493 1546
494 1621
495 1619
496 1659
497 1736
498 1839
499 1926
