PCM_outBuffer 
0 -28432
1 -6867
2 698
3 692
4 678
5 665
6 651
7 638
8 625
9 613
10 600
11 588
12 576
13 565
14 553
15 542
16 531
17 521
18 510
19 500
20 490
21 480
22 471
23 461
24 452
25 443
26 434
27 426
28 417
29 409
30 401
31 393
32 385
33 377
34 370
35 362
36 355
37 348
38 341
39 334
40 327
41 321
42 314
43 308
44 302
45 296
46 290
47 284
48 278
49 273
50 267
51 262
52 257
53 252
54 247
55 242
56 237
57 232
58 228
59 223
60 219
61 214
62 210
63 206
64 202
65 198
66 194
67 190
68 186
69 182
70 179
71 175
72 172
73 168
74 165
75 161
76 158
77 155
78 152
79 149
80 146
81 143
82 140
83 137
84 134
85 132
86 129
87 127
88 124
89 122
90 119
91 117
92 114
93 112
94 110
95 108
96 106
97 104
98 102
99 100
100 98
101 96
102 94
103 92
104 90
105 88
106 86
107 84
108 83
109 81
110 80
111 78
112 77
113 75
114 74
115 72
116 71
117 69
118 68
119 66
120 65
121 63
122 62
123 61
124 60
