PCM_outBuffer 
0 -28625
1 -7169
2 703
3 701
4 687
5 673
6 660
7 647
8 634
9 621
10 609
11 597
12 585
13 573
14 562
15 551
16 540
17 529
18 518
19 508
20 498
21 488
22 478
23 468
24 459
25 450
26 441
27 432
28 423
29 415
30 406
31 398
32 390
33 382
34 375
35 367
36 360
37 353
38 346
39 339
40 332
41 325
42 319
43 312
44 306
45 300
46 294
47 288
48 282
49 276
50 271
51 265
52 260
53 255
54 250
55 245
56 240
57 235
58 230
59 226
60 221
61 217
62 212
63 208
64 204
65 200
66 196
67 192
68 188
69 184
70 180
71 177
72 173
73 170
74 166
75 163
76 159
77 156
78 153
79 150
80 147
81 144
82 141
83 138
84 135
85 133
86 130
87 128
88 125
89 123
90 120
91 118
92 115
93 113
94 110
95 108
96 106
97 104
98 102
99 100
100 98
101 96
102 94
103 92
104 90
105 88
106 86
107 85
108 83
109 82
110 80
111 79
112 77
113 76
114 74
115 73
116 71
117 70
118 68
119 67
120 65
121 64
122 62
123 61
124 60
