PCM_outBuffer 
0 -28611
1 -6438
2 2944
3 4427
4 5597
5 6524
6 7492
7 7209
8 8073
9 7963
10 7554
11 6623
12 5316
13 4089
14 2766
15 1160
16 -484
17 -1987
18 -3693
19 -4592
20 -6032
21 -7044
22 -8063
23 -8448
24 -8099
25 -7147
26 -6815
27 -6365
28 -5466
29 -3588
30 -2368
31 -765
32 996
33 2654
34 4148
35 5233
36 6455
37 7332
38 7205
39 7994
40 8006
41 7822
42 6762
43 5841
44 4345
45 3136
46 1646
47 -71
48 -1599
49 -3253
50 -4423
51 -5522
52 -6920
53 -7686
54 -8508
55 -8127
56 -7512
57 -6670
58 -6570
59 -5777
60 -3952
61 -2740
62 -1133
63 570
64 2305
65 3794
66 4917
67 6332
68 7044
69 7334
70 7789
71 8062
72 7975
73 6953
74 6274
75 4643
76 3455
77 2111
78 313
79 -1204
80 -2805
81 -4223
82 -5089
83 -6709
84 -7386
85 -8474
86 -8188
87 -7799
88 -6650
89 -6719
90 -6022
91 -4411
92 -3059
93 -1491
94 121
95 1912
96 3402
97 4701
98 6052
99 6758
100 7520
101 7489
102 8122
103 8022
104 7269
105 6531
106 4969
107 3820
108 2468
109 758
110 -818
111 -2370
112 -3962
113 -4756
114 -6421
115 -7134
116 -8320
117 -8286
118 -7974
119 -6787
120 -6818
121 -6169
122 -4943
123 -3293
124 -1901
