PCM_outBuffer 
0 -28432
1 -6867
2 698
3 692
4 678
5 665
6 651
7 638
8 625
9 613
10 600
11 588
12 576
13 565
14 553
15 542
16 531
17 521
18 510
19 500
20 490
21 480
22 471
23 461
24 452
25 443
26 434
27 426
28 417
29 409
30 401
31 393
32 385
33 377
34 370
35 362
36 355
37 348
38 341
39 334
40 327
41 321
42 314
43 308
44 302
45 296
46 290
47 284
48 278
49 273
50 267
51 262
52 257
53 252
54 247
55 242
56 237
57 232
58 228
59 223
60 219
61 214
62 210
63 206
64 202
65 198
66 194
67 190
68 186
69 182
70 179
71 175
72 172
73 168
74 165
75 161
76 158
77 155
78 152
79 149
80 146
81 143
82 140
83 137
84 134
85 132
86 129
87 127
88 124
89 122
90 119
91 117
92 114
93 112
94 110
95 108
96 106
97 104
98 102
99 100
100 98
101 96
102 94
103 92
104 90
105 88
106 86
107 84
108 83
109 81
110 80
111 78
112 77
113 75
114 74
115 72
116 71
117 69
118 68
119 66
120 65
121 63
122 62
123 61
124 60
125 239
126 3045
127 8557
128 14198
129 19685
130 24111
131 26668
132 28908
133 28905
134 28879
135 26668
136 23991
137 19408
138 14424
139 8887
140 2589
141 -3962
142 -10197
143 -16194
144 -21411
145 -26887
146 -29647
147 -32522
148 -32768
149 -32768
150 -32768
151 -29986
152 -26915
153 -22429
154 -16389
155 -10231
156 -4579
157 2307
158 8659
159 14159
160 19744
161 24632
162 27314
163 29914
164 30209
165 30280
166 28640
167 25827
168 22055
169 16703
170 11539
171 5335
172 -1228
173 -7651
174 -13598
175 -19216
176 -24525
177 -28168
178 -30886
179 -32626
180 -32768
181 -32410
182 -29754
183 -26912
184 -22901
185 -17073
186 -10952
187 -5218
188 1361
189 7956
190 13503
191 19168
192 24289
193 27454
194 30078
195 30966
196 30976
197 29944
198 27109
199 23991
200 18488
201 13600
202 7575
203 932
204 -5469
205 -11569
206 -17422
207 -22497
208 -27141
209 -29572
210 -31843
211 -32768
212 -32283
213 -30025
214 -27202
215 -23648
216 -18092
217 -12134
218 -6103
219 -35
220 6860
221 12524
222 18183
223 23501
224 27224
225 29809
226 31369
227 31261
228 30835
229 28123
230 25400
231 20101
232 15307
233 9417
234 2930
235 -3577
236 -9782
237 -15767
238 -20803
239 -26124
240 -28512
241 -31245
242 -32374
243 -32274
244 -30480
245 -27687
246 -24438
247 -19359
248 -13412
249 -7259
250 -1732
251 2487
252 2896
253 2838
254 2781
255 2726
256 2671
257 2618
258 2565
259 2514
260 2463
261 2414
262 2365
263 2318
264 2271
265 2226
266 2181
267 2138
268 2095
269 2053
270 2012
271 1972
272 1932
273 1894
274 1856
275 1819
276 1782
277 1747
278 1712
279 1678
280 1644
281 1611
282 1579
283 1548
284 1517
285 1486
286 1457
287 1428
288 1399
289 1371
290 1344
291 1317
292 1290
293 1264
294 1239
295 1214
296 1189
297 1165
298 1142
299 1119
300 1096
301 1074
302 1053
303 1032
304 1011
305 991
306 971
307 952
308 933
309 914
310 896
311 878
312 860
313 843
314 826
315 810
316 794
317 778
318 762
319 747
320 732
321 717
322 703
323 689
324 675
325 661
326 648
327 635
328 623
329 610
330 598
331 586
332 575
333 563
334 552
335 541
336 530
337 519
338 509
339 499
340 489
341 479
342 469
343 460
344 451
345 442
346 433
347 424
348 416
349 407
350 399
351 391
352 383
353 376
354 368
355 361
356 354
357 347
358 340
359 333
360 326
361 320
362 313
363 307
364 301
365 295
366 289
367 283
368 277
369 272
370 266
371 261
372 256
373 251
374 246
375 63
376 665
377 2478
378 3962
379 5141
380 6077
381 7054
382 6780
383 7652
384 7551
385 7150
386 6227
387 4928
388 3708
389 2393
390 795
391 -842
392 -2338
393 -4037
394 -4929
395 -6362
396 -7367
397 -8380
398 -8758
399 -8403
400 -7445
401 -7107
402 -6651
403 -5746
404 -3863
405 -2637
406 -1029
407 737
408 2400
409 3899
410 4989
411 6216
412 7098
413 6975
414 7769
415 7785
416 7605
417 6550
418 5633
419 4141
420 2936
421 1450
422 -263
423 -1787
424 -3438
425 -4604
426 -5699
427 -7094
428 -7856
429 -8675
430 -8291
431 -7673
432 -6828
433 -6725
434 -5928
435 -4101
436 -2886
437 -1276
438 431
439 2168
440 3660
441 4786
442 6203
443 6918
444 7211
445 7668
446 7943
447 7859
448 6839
449 6163
450 4533
451 3348
452 2006
453 210
454 -1305
455 -2904
456 -4320
457 -5184
458 -6801
459 -7476
460 -8562
461 -8275
462 -7884
463 -6733
464 -6801
465 -6102
466 -4489
467 -3136
468 -1567
469 47
470 1840
471 3331
472 4631
473 5984
474 6692
475 7454
476 7425
477 8060
478 7961
479 7209
480 6473
481 4912
482 3764
483 2413
484 704
485 -870
486 -2422
487 -4012
488 -4806
489 -6469
490 -7182
491 -8367
492 -8332
493 -8018
494 -6830
495 -6860
496 -6211
497 -4984
498 -3333
499 -1941
